0 1 1.41421
0 2 5.38516
0 3 3.16228
0 4 54.7083
0 5 30.1164
0 6 3.60555
0 7 27.4591
0 8 27.4591
0 9 3.87298
0 10 3.4641
0 11 7.48331
0 12 13.3791
0 13 3.87298
0 14 3.74166
0 15 0
0 16 2
0 17 37.081
0 18 3.74166
0 19 3.87298
0 20 5.56776
0 21 1.41421
0 22 2.82843
0 23 3.74166
0 24 52.4214
0 25 3.74166
0 26 49.7393
0 27 43.6005
0 28 1.73205
0 29 31.7805
0 30 12.53
0 31 52.7162
0 32 3.60555
0 33 6.245
0 34 33.2716
0 35 3.87298
0 36 3.4641
0 37 3.87298
0 38 33.5261
0 39 2.82843
0 40 2.82843
0 41 13.4907
0 42 3.60555
0 43 3.16228
0 44 3.74166
0 45 2
0 46 3.87298
0 47 3.87298
0 48 17.8326
0 49 3.74166
0 50 1
0 51 0
0 52 52.345
0 53 3.87298
0 54 3.4641
0 55 2.44949
0 56 48.2494
0 57 3.87298
0 58 2
0 59 3.87298
0 60 2
0 61 19.9499
0 62 3.74166
0 63 5.2915
0 64 3.16228
0 65 2.23607
0 66 53.5537
0 67 3.60555
0 68 3.60555
0 69 1
0 70 3.74166
0 71 44.9333
0 72 50.2195
0 73 3.16228
0 74 54.1664
0 75 3
0 76 3.87298
0 77 6.16441
0 78 3
0 79 4
0 80 56.6039
0 81 2
0 82 3.74166
0 83 7.54983
0 84 20.9284
0 85 3.60555
0 86 3.31662
0 87 2
0 88 3.74166
0 89 2
0 90 2.44949
0 91 21.4243
0 92 51.0882
0 93 3.4641
0 94 2.82843
0 95 7.28011
0 96 2.64575
0 97 3.60555
0 98 56.1783
0 99 0
0 100 2.64575
0 101 26.0192
0 102 3.4641
0 103 2.82843
0 104 2.23607
0 105 2.44949
0 106 3.4641
0 107 4.79583
0 108 41.2795
0 109 1.73205
0 110 2
0 111 3.74166
0 112 3.74166
0 113 3.4641
0 114 3.4641
0 115 6.55744
0 116 3.74166
0 117 3.31662
0 118 3.74166
0 119 2.64575
0 120 2.82843
1 2 5.56776
1 3 2.82843
1 4 54.7266
1 5 30.1496
1 6 3.31662
1 7 27.4955
1 8 27.4955
1 9 4.12311
1 10 3.16228
1 11 7.61577
1 12 13.4536
1 13 3.60555
1 14 3.4641
1 15 1.41421
1 16 1.41421
1 17 37.108
1 18 3.4641
1 19 3.60555
1 20 5.74456
1 21 0
1 22 2.44949
1 23 3.4641
1 24 52.4404
1 25 3.4641
1 26 49.7594
1 27 43.6234
1 28 1
1 29 31.8119
1 30 12.6095
1 31 52.7352
1 32 3.31662
1 33 6.40312
1 34 33.3017
1 35 3.60555
1 36 3.16228
1 37 3.60555
1 38 33.5559
1 39 2.44949
1 40 2.44949
1 41 13.5647
1 42 3.31662
1 43 2.82843
1 44 3.4641
1 45 2.44949
1 46 3.60555
1 47 3.60555
1 48 17.8885
1 49 3.4641
1 50 1
1 51 1.41421
1 52 52.3641
1 53 3.60555
1 54 3.16228
1 55 2
1 56 48.2701
1 57 3.60555
1 58 1.41421
1 59 3.60555
1 60 1.41421
1 61 20
1 62 3.4641
1 63 5.47723
1 64 3.4641
1 65 1.73205
1 66 53.5724
1 67 3.31662
1 68 3.31662
1 69 1
1 70 3.4641
1 71 44.9555
1 72 50.2394
1 73 2.82843
1 74 54.1849
1 75 2.64575
1 76 3.60555
1 77 6.32456
1 78 2.64575
1 79 4.24264
1 80 56.6216
1 81 1.41421
1 82 3.4641
1 83 7.68115
1 84 20.9762
1 85 3.31662
1 86 3
1 87 1.41421
1 88 3.4641
1 89 1.41421
1 90 2
1 91 21.4709
1 92 51.1077
1 93 3.16228
1 94 2.44949
1 95 7.4162
1 96 2.23607
1 97 3.31662
1 98 56.1961
1 99 1.41421
1 100 3
1 101 26.0576
1 102 3.16228
1 103 2.44949
1 104 1.73205
1 105 2.82843
1 106 3.16228
1 107 5
1 108 41.3038
1 109 2.23607
1 110 1.41421
1 111 3.4641
1 112 3.4641
1 113 3.16228
1 114 3.16228
1 115 6.7082
1 116 3.4641
1 117 3
1 118 3.4641
1 119 3
1 120 2.44949
2 3 6.245
2 4 54.4426
2 5 29.6311
2 6 6.48074
2 7 26.9258
2 8 26.9258
2 9 3.74166
2 10 6.40312
2 11 5.19615
2 12 12.2474
2 13 6.63325
2 14 6.55744
2 15 5.38516
2 16 5.74456
2 17 36.6879
2 18 6.55744
2 19 6.63325
2 20 1.41421
2 21 5.56776
2 22 6.08276
2 23 6.55744
2 24 52.144
2 25 6.55744
2 26 49.4469
2 27 43.2666
2 28 5.65685
2 29 31.3209
2 30 11.3137
2 31 52.4404
2 32 6.48074
2 33 3.16228
2 34 32.8329
2 35 6.63325
2 36 6.40312
2 37 6.63325
2 38 33.0908
2 39 6.08276
2 40 6.08276
2 41 12.3693
2 42 6.48074
2 43 6.245
2 44 6.55744
2 45 5
2 46 6.63325
2 47 6.63325
2 48 17
2 49 6.55744
2 50 5.47723
2 51 5.38516
2 52 52.0673
2 53 6.63325
2 54 6.40312
2 55 5.91608
2 56 47.9479
2 57 6.63325
2 58 5.74456
2 59 6.63325
2 60 5.74456
2 61 19.2094
2 62 6.55744
2 63 1
2 64 4.3589
2 65 5.83095
2 66 53.2823
2 67 6.48074
2 68 6.48074
2 69 5.47723
2 70 6.55744
2 71 44.6094
2 72 49.93
2 73 6.245
2 74 53.8981
2 75 6.16441
2 76 6.63325
2 77 3
2 78 6.16441
2 79 3.60555
2 80 56.3471
2 81 5.74456
2 82 6.55744
2 83 5.2915
2 84 20.2237
2 85 6.48074
2 86 6.32456
2 87 5.74456
2 88 6.55744
2 89 5.74456
2 90 5.91608
2 91 20.7364
2 92 50.8035
2 93 6.40312
2 94 6.08276
2 95 4.89898
2 96 6
2 97 6.48074
2 98 55.9196
2 99 5.38516
2 100 4.69042
2 101 25.4558
2 102 6.40312
2 103 6.08276
2 104 5.83095
2 105 4.79583
2 106 6.40312
2 107 2.44949
2 108 40.9268
2 109 5.09902
2 110 5.74456
2 111 6.55744
2 112 6.55744
2 113 6.40312
2 114 6.40312
2 115 3.74166
2 116 6.55744
2 117 6.32456
2 118 6.55744
2 119 4.69042
2 120 6.08276
3 4 54.7996
3 5 30.282
3 6 1.73205
3 7 27.6405
3 8 27.6405
3 9 5
3 10 1.41421
3 11 8.12404
3 12 13.7477
3 13 2.23607
3 14 2
3 15 3.16228
3 16 2.44949
3 17 37.2156
3 18 2
3 19 2.23607
3 20 6.40312
3 21 2.82843
3 22 1.41421
3 23 2
3 24 52.5167
3 25 2
3 26 49.8397
3 27 43.7493
3 28 2.64575
3 29 31.9374
3 30 12.9228
3 31 52.811
3 32 1.73205
3 33 7
3 34 33.4215
3 35 2.23607
3 36 1.41421
3 37 2.23607
3 38 33.6749
3 39 1.41421
3 40 1.41421
3 41 13.8564
3 42 1.73205
3 43 0
3 44 2
3 45 3.74166
3 46 2.23607
3 47 2.23607
3 48 18.1108
3 49 2
3 50 3
3 51 3.16228
3 52 52.4404
3 53 2.23607
3 54 1.41421
3 55 2
3 56 48.3529
3 57 2.23607
3 58 2.44949
3 59 2.23607
3 60 2.44949
3 61 20.199
3 62 2
3 63 6.16441
3 64 4.47214
3 65 2.23607
3 66 53.647
3 67 1.73205
3 68 1.73205
3 69 3
3 70 2
3 71 45.0444
3 72 50.319
3 73 0
3 74 54.2586
3 75 1
3 76 2.23607
3 77 6.9282
3 78 1
3 79 5.09902
3 80 56.6922
3 81 2.44949
3 82 2
3 83 8.18535
3 84 21.166
3 85 1.73205
3 86 1
3 87 2.44949
3 88 2
3 89 2.44949
3 90 2
3 91 21.6564
3 92 51.1859
3 93 1.41421
3 94 1.41421
3 95 7.93725
3 96 1.73205
3 97 1.73205
3 98 56.2672
3 99 3.16228
3 100 4.12311
3 101 26.2107
3 102 1.41421
3 103 1.41421
3 104 2.23607
3 105 4
3 106 1.41421
3 107 5.74456
3 108 41.4005
3 109 3.60555
3 110 2.44949
3 111 2
3 112 2
3 113 1.41421
3 114 1.41421
3 115 7.28011
3 116 2
3 117 1
3 118 2
3 119 4.12311
3 120 1.41421
4 5 45.6727
4 6 54.827
4 7 47.3181
4 8 47.3181
4 9 54.5711
4 10 54.8179
4 11 54.1941
4 12 53.0471
4 13 54.8452
4 14 54.8361
4 15 54.7083
4 16 54.7449
4 17 40.2244
4 18 54.8361
4 19 54.8452
4 20 54.4243
4 21 54.7266
4 22 54.7814
4 23 54.8361
4 24 15.6525
4 25 54.8361
4 26 22.8254
4 27 33.1662
4 28 54.7357
4 29 44.5309
4 30 53.3292
4 31 14.7648
4 32 54.827
4 33 54.3507
4 34 43.4281
4 35 54.8452
4 36 54.8179
4 37 54.8452
4 38 43.2319
4 39 54.7814
4 40 54.7814
4 41 53.0189
4 42 54.827
4 43 54.7996
4 44 54.8361
4 45 54.6717
4 46 54.8452
4 47 54.8452
4 48 52.2398
4 49 54.8361
4 50 54.7175
4 51 54.7083
4 52 15.906
4 53 54.8452
4 54 54.8179
4 55 54.7631
4 56 25.8263
4 57 54.8452
4 58 54.7449
4 59 54.8452
4 60 54.7449
4 61 50.9411
4 62 54.8361
4 63 54.4518
4 64 54.6168
4 65 54.754
4 66 11.1803
4 67 54.827
4 68 54.827
4 69 54.7175
4 70 54.8361
4 71 31.305
4 72 21.7486
4 73 54.7996
4 74 7.68115
4 75 54.7905
4 76 54.8452
4 77 54.3599
4 78 54.7905
4 79 54.5619
4 80 14.5258
4 81 54.7449
4 82 54.8361
4 83 54.1849
4 84 50.547
4 85 54.827
4 86 54.8088
4 87 54.7449
4 88 54.8361
4 89 54.7449
4 90 54.7631
4 91 50.3389
4 92 19.6214
4 93 54.8179
4 94 54.7814
4 95 54.2218
4 96 54.7723
4 97 54.827
4 98 12.7671
4 99 54.7083
4 100 54.6443
4 101 48.1248
4 102 54.8179
4 103 54.7814
4 104 54.754
4 105 54.6535
4 106 54.8179
4 107 54.4977
4 108 35.9026
4 109 54.6809
4 110 54.7449
4 111 54.8361
4 112 54.8361
4 113 54.8179
4 114 54.8179
4 115 54.3139
4 116 54.8361
4 117 54.8088
4 118 54.8361
4 119 54.6443
4 120 54.7814
5 6 30.3315
5 7 12.3693
5 8 12.3693
5 9 29.8664
5 10 30.315
5 11 29.1719
5 12 26.9815
5 13 30.3645
5 14 30.348
5 15 30.1164
5 16 30.1828
5 17 21.6333
5 18 30.348
5 19 30.3645
5 20 29.5973
5 21 30.1496
5 22 30.249
5 23 30.348
5 24 42.9069
5 25 30.348
5 26 39.5854
5 27 31.5278
5 28 30.1662
5 29 10.1489
5 30 27.5318
5 31 43.2666
5 32 30.3315
5 33 29.4618
5 34 14.1421
5 35 30.3645
5 36 30.315
5 37 30.3645
5 38 14.7309
5 39 30.249
5 40 30.249
5 41 26.9258
5 42 30.3315
5 43 30.282
5 44 30.348
5 45 30.05
5 46 30.3645
5 47 30.3645
5 48 25.3574
5 49 30.348
5 50 30.133
5 51 30.1164
5 52 42.8135
5 53 30.3645
5 54 30.315
5 55 30.2159
5 56 37.6962
5 57 30.3645
5 58 30.1828
5 59 30.3645
5 60 30.1828
5 61 22.561
5 62 30.348
5 63 29.6479
5 64 29.95
5 65 30.1993
5 66 44.2832
5 67 30.3315
5 68 30.3315
5 69 30.133
5 70 30.348
5 71 33.3467
5 72 40.1871
5 73 30.282
5 74 45.0222
5 75 30.2655
5 76 30.3645
5 77 29.4788
5 78 30.2655
5 79 29.8496
5 80 47.927
5 81 30.1828
5 82 30.348
5 83 29.1548
5 84 21.6564
5 85 30.3315
5 86 30.2985
5 87 30.1828
5 88 30.348
5 89 30.1828
5 90 30.2159
5 91 21.166
5 92 41.2674
5 93 30.315
5 94 30.249
5 95 29.2233
5 96 30.2324
5 97 30.3315
5 98 47.4236
5 99 30.1164
5 100 30
5 101 15.1658
5 102 30.315
5 103 30.249
5 104 30.1993
5 105 30.0167
5 106 30.315
5 107 29.7321
5 108 28.2312
5 109 30.0666
5 110 30.1828
5 111 30.348
5 112 30.348
5 113 30.315
5 114 30.315
5 115 29.3939
5 116 30.348
5 117 30.2985
5 118 30.348
5 119 30
5 120 30.249
6 7 27.6948
6 8 27.6948
6 9 5.2915
6 10 1
6 11 8.30662
6 12 13.8564
6 13 1.41421
6 14 1
6 15 3.60555
6 16 3
6 17 37.2559
6 18 1
6 19 1.41421
6 20 6.63325
6 21 3.31662
6 22 2.23607
6 23 1
6 24 52.5452
6 25 1
6 26 49.8698
6 27 43.8178
6 28 3.16228
6 29 31.9844
6 30 13.0384
6 31 52.8394
6 32 0
6 33 7.2111
6 34 33.4664
6 35 1.41421
6 36 1
6 37 1.41421
6 38 33.7194
6 39 2.23607
6 40 2.23607
6 41 13.9642
6 42 0
6 43 1.73205
6 44 1
6 45 4.12311
6 46 1.41421
6 47 1.41421
6 48 18.1934
6 49 1
6 50 3.4641
6 51 3.60555
6 52 52.469
6 53 1.41421
6 54 1
6 55 2.64575
6 56 48.3839
6 57 1.41421
6 58 3
6 59 1.41421
6 60 3
6 61 20.2731
6 62 1
6 63 6.40312
6 64 4.79583
6 65 2.82843
6 66 53.6749
6 67 0
6 68 0
6 69 3.4641
6 70 1
6 71 45.0777
6 72 50.3488
6 73 1.73205
6 74 54.2863
6 75 2
6 76 1.41421
6 77 7.14143
6 78 2
6 79 5.38516
6 80 56.7186
6 81 3
6 82 1
6 83 8.3666
6 84 21.2368
6 85 0
6 86 1.41421
6 87 3
6 88 1
6 89 3
6 90 2.64575
6 91 21.7256
6 92 51.2152
6 93 1
6 94 2.23607
6 95 8.12404
6 96 2.44949
6 97 0
6 98 56.2939
6 99 3.60555
6 100 4.47214
6 101 26.2679
6 102 1
6 103 2.23607
6 104 2.82843
6 105 4.3589
6 106 1
6 107 6
6 108 41.4367
6 109 4
6 110 3
6 111 1
6 112 1
6 113 1
6 114 1
6 115 7.48331
6 116 1
6 117 1.41421
6 118 1
6 119 4.47214
6 120 2.23607
7 8 0
7 9 27.1846
7 10 27.6767
7 11 26.4197
7 12 23.9792
7 13 27.7308
7 14 27.7128
7 15 27.4591
7 16 27.5318
7 17 24.9199
7 18 27.7128
7 19 27.7308
7 20 26.8887
7 21 27.4955
7 22 27.6043
7 23 27.7128
7 24 44.6542
7 25 27.7128
7 26 41.4729
7 27 33.8674
7 28 27.5136
7 29 16
7 30 24.5967
7 31 45
7 32 27.6948
7 33 26.7395
7 34 18.7883
7 35 27.7308
7 36 27.6767
7 37 27.7308
7 38 19.2354
7 39 27.6043
7 40 27.6043
7 41 23.9165
7 42 27.6948
7 43 27.6405
7 44 27.7128
7 45 27.3861
7 46 27.7308
7 47 27.7308
7 48 22.1359
7 49 27.7128
7 50 27.4773
7 51 27.4591
7 52 44.5646
7 53 27.7308
7 54 27.6767
7 55 27.5681
7 56 39.6737
7 57 27.7308
7 58 27.5318
7 59 27.7308
7 60 27.5318
7 61 18.868
7 62 27.7128
7 63 26.9444
7 64 27.2764
7 65 27.55
7 66 45.9783
7 67 27.6948
7 68 27.6948
7 69 27.4773
7 70 27.7128
7 71 35.5668
7 72 42.0476
7 73 27.6405
7 74 46.6905
7 75 27.6225
7 76 27.7308
7 77 26.7582
7 78 27.6225
7 79 27.1662
7 80 49.4975
7 81 27.5318
7 82 27.7128
7 83 26.4008
7 84 17.7764
7 85 27.6948
7 86 27.6586
7 87 27.5318
7 88 27.7128
7 89 27.5318
7 90 27.5681
7 91 17.1756
7 92 43.0813
7 93 27.6767
7 94 27.6043
7 95 26.4764
7 96 27.5862
7 97 27.6948
7 98 49.0102
7 99 27.4591
7 100 27.3313
7 101 8.77496
7 102 27.6767
7 103 27.6043
7 104 27.55
7 105 27.3496
7 106 27.6767
7 107 27.037
7 108 30.8221
7 109 27.4044
7 110 27.5318
7 111 27.7128
7 112 27.7128
7 113 27.6767
7 114 27.6767
7 115 26.6646
7 116 27.7128
7 117 27.6586
7 118 27.7128
7 119 27.3313
7 120 27.6043
8 9 27.1846
8 10 27.6767
8 11 26.4197
8 12 23.9792
8 13 27.7308
8 14 27.7128
8 15 27.4591
8 16 27.5318
8 17 24.9199
8 18 27.7128
8 19 27.7308
8 20 26.8887
8 21 27.4955
8 22 27.6043
8 23 27.7128
8 24 44.6542
8 25 27.7128
8 26 41.4729
8 27 33.8674
8 28 27.5136
8 29 16
8 30 24.5967
8 31 45
8 32 27.6948
8 33 26.7395
8 34 18.7883
8 35 27.7308
8 36 27.6767
8 37 27.7308
8 38 19.2354
8 39 27.6043
8 40 27.6043
8 41 23.9165
8 42 27.6948
8 43 27.6405
8 44 27.7128
8 45 27.3861
8 46 27.7308
8 47 27.7308
8 48 22.1359
8 49 27.7128
8 50 27.4773
8 51 27.4591
8 52 44.5646
8 53 27.7308
8 54 27.6767
8 55 27.5681
8 56 39.6737
8 57 27.7308
8 58 27.5318
8 59 27.7308
8 60 27.5318
8 61 18.868
8 62 27.7128
8 63 26.9444
8 64 27.2764
8 65 27.55
8 66 45.9783
8 67 27.6948
8 68 27.6948
8 69 27.4773
8 70 27.7128
8 71 35.5668
8 72 42.0476
8 73 27.6405
8 74 46.6905
8 75 27.6225
8 76 27.7308
8 77 26.7582
8 78 27.6225
8 79 27.1662
8 80 49.4975
8 81 27.5318
8 82 27.7128
8 83 26.4008
8 84 17.7764
8 85 27.6948
8 86 27.6586
8 87 27.5318
8 88 27.7128
8 89 27.5318
8 90 27.5681
8 91 17.1756
8 92 43.0813
8 93 27.6767
8 94 27.6043
8 95 26.4764
8 96 27.5862
8 97 27.6948
8 98 49.0102
8 99 27.4591
8 100 27.3313
8 101 8.77496
8 102 27.6767
8 103 27.6043
8 104 27.55
8 105 27.3496
8 106 27.6767
8 107 27.037
8 108 30.8221
8 109 27.4044
8 110 27.5318
8 111 27.7128
8 112 27.7128
8 113 27.6767
8 114 27.6767
8 115 26.6646
8 116 27.7128
8 117 27.6586
8 118 27.7128
8 119 27.3313
8 120 27.6043
9 10 5.19615
9 11 6.40312
9 12 12.8062
9 13 5.47723
9 14 5.38516
9 15 3.87298
9 16 4.3589
9 17 36.8782
9 18 5.38516
9 19 5.47723
9 20 4
9 21 4.12311
9 22 4.79583
9 23 5.38516
9 24 52.2781
9 25 5.38516
9 26 49.5883
9 27 43.4281
9 28 4.24264
9 29 31.5436
9 30 11.9164
9 31 52.5738
9 32 5.2915
9 33 4.89898
9 34 33.0454
9 35 5.47723
9 36 5.19615
9 37 5.47723
9 38 33.3017
9 39 4.79583
9 40 4.79583
9 41 12.9228
9 42 5.2915
9 43 5
9 44 5.38516
9 45 3.31662
9 46 5.47723
9 47 5.47723
9 48 17.4069
9 49 5.38516
9 50 4
9 51 3.87298
9 52 52.2015
9 53 5.47723
9 54 5.19615
9 55 4.58258
9 56 48.0937
9 57 5.47723
9 58 4.3589
9 59 5.47723
9 60 4.3589
9 61 19.5704
9 62 5.38516
9 63 3.60555
9 64 2.23607
9 65 4.47214
9 66 53.4135
9 67 5.2915
9 68 5.2915
9 69 4
9 70 5.38516
9 71 44.7661
9 72 50.07
9 73 5
9 74 54.0278
9 75 4.89898
9 76 5.47723
9 77 4.79583
9 78 4.89898
9 79 1
9 80 56.4712
9 81 4.3589
9 82 5.38516
9 83 6.48074
9 84 20.567
9 85 5.2915
9 86 5.09902
9 87 4.3589
9 88 5.38516
9 89 4.3589
9 90 4.58258
9 91 21.0713
9 92 50.9411
9 93 5.19615
9 94 4.79583
9 95 6.16441
9 96 4.69042
9 97 5.2915
9 98 56.0446
9 99 3.87298
9 100 2.82843
9 101 25.7294
9 102 5.19615
9 103 4.79583
9 104 4.47214
9 105 3
9 106 5.19615
9 107 2.82843
9 108 41.0974
9 109 3.4641
9 110 4.3589
9 111 5.38516
9 112 5.38516
9 113 5.19615
9 114 5.19615
9 115 5.2915
9 116 5.38516
9 117 5.09902
9 118 5.38516
9 119 2.82843
9 120 4.79583
10 11 8.24621
10 12 13.8203
10 13 1.73205
10 14 1.41421
10 15 3.4641
10 16 2.82843
10 17 37.2424
10 18 1.41421
10 19 1.73205
10 20 6.55744
10 21 3.16228
10 22 2
10 23 1.41421
10 24 52.5357
10 25 1.41421
10 26 49.8598
10 27 43.795
10 28 3
10 29 31.9687
10 30 13
10 31 52.8299
10 32 1
10 33 7.14143
10 34 33.4515
10 35 1.73205
10 36 0
10 37 1.73205
10 38 33.7046
10 39 2
10 40 2
10 41 13.9284
10 42 1
10 43 1.41421
10 44 1.41421
10 45 4
10 46 1.73205
10 47 1.73205
10 48 18.1659
10 49 1.41421
10 50 3.31662
10 51 3.4641
10 52 52.4595
10 53 1.73205
10 54 0
10 55 2.44949
10 56 48.3735
10 57 1.73205
10 58 2.82843
10 59 1.73205
10 60 2.82843
10 61 20.2485
10 62 1.41421
10 63 6.32456
10 64 4.69042
10 65 2.64575
10 66 53.6656
10 67 1
10 68 1
10 69 3.31662
10 70 1.41421
10 71 45.0666
10 72 50.3389
10 73 1.41421
10 74 54.2771
10 75 1.73205
10 76 1.73205
10 77 7.07107
10 78 1.73205
10 79 5.2915
10 80 56.7098
10 81 2.82843
10 82 1.41421
10 83 8.30662
10 84 21.2132
10 85 1
10 86 1
10 87 2.82843
10 88 1.41421
10 89 2.82843
10 90 2.44949
10 91 21.7025
10 92 51.2055
10 93 0
10 94 2
10 95 8.06226
10 96 2.23607
10 97 1
10 98 56.285
10 99 3.4641
10 100 4.3589
10 101 26.2488
10 102 0
10 103 2
10 104 2.64575
10 105 4.24264
10 106 0
10 107 5.91608
10 108 41.4246
10 109 3.87298
10 110 2.82843
10 111 1.41421
10 112 1.41421
10 113 0
10 114 0
10 115 7.4162
10 116 1.41421
10 117 1
10 118 1.41421
10 119 4.3589
10 120 2
11 12 11.0905
11 13 8.42615
11 14 8.3666
11 15 7.48331
11 16 7.74597
11 17 36.318
11 18 8.3666
11 19 8.42615
11 20 5
11 21 7.61577
11 22 8
11 23 8.3666
11 24 51.8845
11 25 8.3666
11 26 49.1732
11 27 42.9535
11 28 7.68115
11 29 30.8869
11 30 10.0499
11 31 52.1824
11 32 8.30662
11 33 4.12311
11 34 32.4191
11 35 8.42615
11 36 8.24621
11 37 8.42615
11 38 32.6803
11 39 8
11 40 8
11 41 11.225
11 42 8.30662
11 43 8.12404
11 44 8.3666
11 45 7.2111
11 46 8.42615
11 47 8.42615
11 48 16.1864
11 49 8.3666
11 50 7.54983
11 51 7.48331
11 52 51.8073
11 53 8.42615
11 54 8.24621
11 55 7.87401
11 56 47.6655
11 57 8.42615
11 58 7.74597
11 59 8.42615
11 60 7.74597
11 61 18.4932
11 62 8.3666
11 63 5.2915
11 64 6.78233
11 65 7.81025
11 66 53.0283
11 67 8.30662
11 68 8.30662
11 69 7.54983
11 70 8.3666
11 71 44.3058
11 72 49.6588
11 73 8.12404
11 74 53.647
11 75 8.06226
11 76 8.42615
11 77 4.24264
11 78 8.06226
11 79 6.32456
11 80 56.107
11 81 7.74597
11 82 8.3666
11 83 1
11 84 19.5448
11 85 8.30662
11 86 8.18535
11 87 7.74597
11 88 8.3666
11 89 7.74597
11 90 7.87401
11 91 20.0749
11 92 50.5371
11 93 8.24621
11 94 8
11 95 1.73205
11 96 7.93725
11 97 8.30662
11 98 55.6776
11 99 7.48331
11 100 7
11 101 24.9199
11 102 8.24621
11 103 8
11 104 7.81025
11 105 7.07107
11 106 8.24621
11 107 5.74456
11 108 40.5956
11 109 7.28011
11 110 7.74597
11 111 8.3666
11 112 8.3666
11 113 8.24621
11 114 8.24621
11 115 3.60555
11 116 8.3666
11 117 8.18535
11 118 8.3666
11 119 7
11 120 8
12 13 13.9284
12 14 13.8924
12 15 13.3791
12 16 13.5277
12 17 34.5832
12 18 13.8924
12 19 13.9284
12 20 12.1655
12 21 13.4536
12 22 13.6748
12 23 13.8924
12 24 50.6853
12 25 13.8924
12 26 47.9062
12 27 41.497
12 28 13.4907
12 29 28.8271
12 30 5.47723
12 31 50.9902
12 32 13.8564
12 33 11.8322
12 34 30.4631
12 35 13.9284
12 36 13.8203
12 37 13.9284
12 38 30.7409
12 39 13.6748
12 40 13.6748
12 41 1.73205
12 42 13.8564
12 43 13.7477
12 44 13.8924
12 45 13.2288
12 46 13.9284
12 47 13.9284
12 48 11.7898
12 49 13.8924
12 50 13.4164
12 51 13.3791
12 52 50.6063
12 53 13.9284
12 54 13.8203
12 55 13.6015
12 56 46.3573
12 57 13.9284
12 58 13.5277
12 59 13.9284
12 60 13.5277
12 61 14.7986
12 62 13.8924
12 63 12.2882
12 64 13
12 65 13.5647
12 66 51.8556
12 67 13.8564
12 68 13.8564
12 69 13.4164
12 70 13.8924
12 71 42.8952
12 72 48.4045
12 73 13.7477
12 74 52.4881
12 75 13.7113
12 76 13.9284
12 77 11.8743
12 78 13.7113
12 79 12.7671
12 80 55
12 81 13.5277
12 82 13.8924
12 83 11.0454
12 84 16.0935
12 85 13.8564
12 86 13.784
12 87 13.5277
12 88 13.8924
12 89 13.5277
12 90 13.6015
12 91 16.7332
12 92 49.3052
12 93 13.8203
12 94 13.6748
12 95 11.225
12 96 13.6382
12 97 13.8564
12 98 54.5619
12 99 13.3791
12 100 13.1149
12 101 22.3159
12 102 13.8203
12 103 13.6748
12 104 13.5647
12 105 13.1529
12 106 13.8203
12 107 12.49
12 108 39.0512
12 109 13.2665
12 110 13.5277
12 111 13.8924
12 112 13.8924
12 113 13.8203
12 114 13.8203
12 115 11.6619
12 116 13.8924
12 117 13.784
12 118 13.8924
12 119 13.1149
12 120 13.6748
13 14 1
13 15 3.87298
13 16 3.31662
13 17 37.2827
13 18 1
13 19 0
13 20 6.78233
13 21 3.60555
13 22 2.64575
13 23 1
13 24 52.5642
13 25 1
13 26 49.8899
13 27 43.8634
13 28 3.4641
13 29 32.0156
13 30 13.1149
13 31 52.8583
13 32 1.41421
13 33 7.34847
13 34 33.4963
13 35 0
13 36 1.73205
13 37 0
13 38 33.7491
13 39 2.64575
13 40 2.64575
13 41 14.0357
13 42 1.41421
13 43 2.23607
13 44 1
13 45 4.3589
13 46 0
13 47 0
13 48 18.2483
13 49 1
13 50 3.74166
13 51 3.87298
13 52 52.4881
13 53 0
13 54 1.73205
13 55 3
13 56 48.4045
13 57 0
13 58 3.31662
13 59 0
13 60 3.31662
13 61 20.3224
13 62 1
13 63 6.55744
13 64 5
13 65 3.16228
13 66 53.6936
13 67 1.41421
13 68 1.41421
13 69 3.74166
13 70 1
13 71 45.0999
13 72 50.3686
13 73 2.23607
13 74 54.3047
13 75 2.44949
13 76 0
13 77 7.28011
13 78 2.44949
13 79 5.56776
13 80 56.7362
13 81 3.31662
13 82 1
13 83 8.48528
13 84 21.2838
13 85 1.41421
13 86 2
13 87 3.31662
13 88 1
13 89 3.31662
13 90 3
13 91 21.7715
13 92 51.2348
13 93 1.73205
13 94 2.64575
13 95 8.24621
13 96 2.82843
13 97 1.41421
13 98 56.3116
13 99 3.87298
13 100 4.69042
13 101 26.3059
13 102 1.73205
13 103 2.64575
13 104 3.16228
13 105 4.58258
13 106 1.73205
13 107 6.16441
13 108 41.4608
13 109 4.24264
13 110 3.31662
13 111 1
13 112 1
13 113 1.73205
13 114 1.73205
13 115 7.61577
13 116 1
13 117 2
13 118 1
13 119 4.69042
13 120 2.64575
14 15 3.74166
14 16 3.16228
14 17 37.2693
14 18 0
14 19 1
14 20 6.7082
14 21 3.4641
14 22 2.44949
14 23 0
14 24 52.5547
14 25 0
14 26 49.8799
14 27 43.8406
14 28 3.31662
14 29 32
14 30 13.0767
14 31 52.8488
14 32 1
14 33 7.28011
14 34 33.4813
14 35 1
14 36 1.41421
14 37 1
14 38 33.7343
14 39 2.44949
14 40 2.44949
14 41 14
14 42 1
14 43 2
14 44 0
14 45 4.24264
14 46 1
14 47 1
14 48 18.2209
14 49 0
14 50 3.60555
14 51 3.74166
14 52 52.4786
14 53 1
14 54 1.41421
14 55 2.82843
14 56 48.3942
14 57 1
14 58 3.16228
14 59 1
14 60 3.16228
14 61 20.2978
14 62 0
14 63 6.48074
14 64 4.89898
14 65 3
14 66 53.6843
14 67 1
14 68 1
14 69 3.60555
14 70 0
14 71 45.0888
14 72 50.3587
14 73 2
14 74 54.2955
14 75 2.23607
14 76 1
14 77 7.2111
14 78 2.23607
14 79 5.47723
14 80 56.7274
14 81 3.16228
14 82 0
14 83 8.42615
14 84 21.2603
14 85 1
14 86 1.73205
14 87 3.16228
14 88 0
14 89 3.16228
14 90 2.82843
14 91 21.7486
14 92 51.225
14 93 1.41421
14 94 2.44949
14 95 8.18535
14 96 2.64575
14 97 1
14 98 56.3028
14 99 3.74166
14 100 4.58258
14 101 26.2869
14 102 1.41421
14 103 2.44949
14 104 3
14 105 4.47214
14 106 1.41421
14 107 6.08276
14 108 41.4488
14 109 4.12311
14 110 3.16228
14 111 0
14 112 0
14 113 1.41421
14 114 1.41421
14 115 7.54983
14 116 0
14 117 1.73205
14 118 0
14 119 4.58258
14 120 2.44949
15 16 2
15 17 37.081
15 18 3.74166
15 19 3.87298
15 20 5.56776
15 21 1.41421
15 22 2.82843
15 23 3.74166
15 24 52.4214
15 25 3.74166
15 26 49.7393
15 27 43.6005
15 28 1.73205
15 29 31.7805
15 30 12.53
15 31 52.7162
15 32 3.60555
15 33 6.245
15 34 33.2716
15 35 3.87298
15 36 3.4641
15 37 3.87298
15 38 33.5261
15 39 2.82843
15 40 2.82843
15 41 13.4907
15 42 3.60555
15 43 3.16228
15 44 3.74166
15 45 2
15 46 3.87298
15 47 3.87298
15 48 17.8326
15 49 3.74166
15 50 1
15 51 0
15 52 52.345
15 53 3.87298
15 54 3.4641
15 55 2.44949
15 56 48.2494
15 57 3.87298
15 58 2
15 59 3.87298
15 60 2
15 61 19.9499
15 62 3.74166
15 63 5.2915
15 64 3.16228
15 65 2.23607
15 66 53.5537
15 67 3.60555
15 68 3.60555
15 69 1
15 70 3.74166
15 71 44.9333
15 72 50.2195
15 73 3.16228
15 74 54.1664
15 75 3
15 76 3.87298
15 77 6.16441
15 78 3
15 79 4
15 80 56.6039
15 81 2
15 82 3.74166
15 83 7.54983
15 84 20.9284
15 85 3.60555
15 86 3.31662
15 87 2
15 88 3.74166
15 89 2
15 90 2.44949
15 91 21.4243
15 92 51.0882
15 93 3.4641
15 94 2.82843
15 95 7.28011
15 96 2.64575
15 97 3.60555
15 98 56.1783
15 99 0
15 100 2.64575
15 101 26.0192
15 102 3.4641
15 103 2.82843
15 104 2.23607
15 105 2.44949
15 106 3.4641
15 107 4.79583
15 108 41.2795
15 109 1.73205
15 110 2
15 111 3.74166
15 112 3.74166
15 113 3.4641
15 114 3.4641
15 115 6.55744
15 116 3.74166
15 117 3.31662
15 118 3.74166
15 119 2.64575
15 120 2.82843
16 17 37.1349
16 18 3.16228
16 19 3.31662
16 20 5.91608
16 21 1.41421
16 22 2
16 23 3.16228
16 24 52.4595
16 25 3.16228
16 26 49.7795
16 27 43.6463
16 28 1
16 29 31.8434
16 30 12.6886
16 31 52.7541
16 32 3
16 33 6.55744
16 34 33.3317
16 35 3.31662
16 36 2.82843
16 37 3.31662
16 38 33.5857
16 39 2
16 40 2
16 41 13.6382
16 42 3
16 43 2.44949
16 44 3.16228
16 45 2.82843
16 46 3.31662
16 47 3.31662
16 48 17.9444
16 49 3.16228
16 50 1.73205
16 51 2
16 52 52.3832
16 53 3.31662
16 54 2.82843
16 55 1.41421
16 56 48.2908
16 57 3.31662
16 58 0
16 59 3.31662
16 60 0
16 61 20.0499
16 62 3.16228
16 63 5.65685
16 64 3.74166
16 65 1
16 66 53.591
16 67 3
16 68 3
16 69 1.73205
16 70 3.16228
16 71 44.9778
16 72 50.2593
16 73 2.44949
16 74 54.2033
16 75 2.23607
16 76 3.31662
16 77 6.48074
16 78 2.23607
16 79 4.47214
16 80 56.6392
16 81 0
16 82 3.16228
16 83 7.81025
16 84 21.0238
16 85 3
16 86 2.64575
16 87 0
16 88 3.16228
16 89 0
16 90 1.41421
16 91 21.5174
16 92 51.1273
16 93 2.82843
16 94 2
16 95 7.54983
16 96 1.73205
16 97 3
16 98 56.2139
16 99 2
16 100 3.31662
16 101 26.096
16 102 2.82843
16 103 2
16 104 1
16 105 3.16228
16 106 2.82843
16 107 5.19615
16 108 41.328
16 109 2.64575
16 110 0
16 111 3.16228
16 112 3.16228
16 113 2.82843
16 114 2.82843
16 115 6.85565
16 116 3.16228
16 117 2.64575
16 118 3.16228
16 119 3.31662
16 120 2
17 18 37.2693
17 19 37.2827
17 20 36.6606
17 21 37.108
17 22 37.1887
17 23 37.2693
17 24 37.054
17 25 37.2693
17 26 33.1512
17 27 22.9347
17 28 37.1214
17 29 19.105
17 30 35.0143
17 31 37.47
17 32 37.2559
17 33 36.5513
17 34 16.3707
17 35 37.2827
17 36 37.2424
17 37 37.2827
17 38 15.843
17 39 37.1887
17 40 37.1887
17 41 34.5398
17 42 37.2559
17 43 37.2156
17 44 37.2693
17 45 37.027
17 46 37.2827
17 47 37.2827
17 48 33.3317
17 49 37.2693
17 50 37.0945
17 51 37.081
17 52 36.9459
17 53 37.2827
17 54 37.2424
17 55 37.1618
17 56 30.8707
17 57 37.2827
17 58 37.1349
17 59 37.2827
17 60 37.1349
17 61 31.257
17 62 37.2693
17 63 36.7015
17 64 36.9459
17 65 37.1484
17 66 38.6394
17 67 37.2559
17 68 37.2559
17 69 37.0945
17 70 37.2693
17 71 25.3772
17 72 33.8674
17 73 37.2156
17 74 39.4842
17 75 37.2022
17 76 37.2827
17 77 36.565
17 78 37.2022
17 79 36.8646
17 80 42.7668
17 81 37.1349
17 82 37.2693
17 83 36.3043
17 84 30.6105
17 85 37.2559
17 86 37.229
17 87 37.1349
17 88 37.2693
17 89 37.1349
17 90 37.1618
17 91 30.2655
17 92 35.1426
17 93 37.2424
17 94 37.1887
17 95 36.3593
17 96 37.1753
17 97 37.2559
17 98 42.2019
17 99 37.081
17 100 36.9865
17 101 26.4197
17 102 37.2424
17 103 37.1887
17 104 37.1484
17 105 37
17 106 37.2424
17 107 36.7696
17 108 18.1384
17 109 37.0405
17 110 37.1349
17 111 37.2693
17 112 37.2693
17 113 37.2424
17 114 37.2424
17 115 36.4966
17 116 37.2693
17 117 37.229
17 118 37.2693
17 119 36.9865
17 120 37.1887
18 19 1
18 20 6.7082
18 21 3.4641
18 22 2.44949
18 23 0
18 24 52.5547
18 25 0
18 26 49.8799
18 27 43.8406
18 28 3.31662
18 29 32
18 30 13.0767
18 31 52.8488
18 32 1
18 33 7.28011
18 34 33.4813
18 35 1
18 36 1.41421
18 37 1
18 38 33.7343
18 39 2.44949
18 40 2.44949
18 41 14
18 42 1
18 43 2
18 44 0
18 45 4.24264
18 46 1
18 47 1
18 48 18.2209
18 49 0
18 50 3.60555
18 51 3.74166
18 52 52.4786
18 53 1
18 54 1.41421
18 55 2.82843
18 56 48.3942
18 57 1
18 58 3.16228
18 59 1
18 60 3.16228
18 61 20.2978
18 62 0
18 63 6.48074
18 64 4.89898
18 65 3
18 66 53.6843
18 67 1
18 68 1
18 69 3.60555
18 70 0
18 71 45.0888
18 72 50.3587
18 73 2
18 74 54.2955
18 75 2.23607
18 76 1
18 77 7.2111
18 78 2.23607
18 79 5.47723
18 80 56.7274
18 81 3.16228
18 82 0
18 83 8.42615
18 84 21.2603
18 85 1
18 86 1.73205
18 87 3.16228
18 88 0
18 89 3.16228
18 90 2.82843
18 91 21.7486
18 92 51.225
18 93 1.41421
18 94 2.44949
18 95 8.18535
18 96 2.64575
18 97 1
18 98 56.3028
18 99 3.74166
18 100 4.58258
18 101 26.2869
18 102 1.41421
18 103 2.44949
18 104 3
18 105 4.47214
18 106 1.41421
18 107 6.08276
18 108 41.4488
18 109 4.12311
18 110 3.16228
18 111 0
18 112 0
18 113 1.41421
18 114 1.41421
18 115 7.54983
18 116 0
18 117 1.73205
18 118 0
18 119 4.58258
18 120 2.44949
19 20 6.78233
19 21 3.60555
19 22 2.64575
19 23 1
19 24 52.5642
19 25 1
19 26 49.8899
19 27 43.8634
19 28 3.4641
19 29 32.0156
19 30 13.1149
19 31 52.8583
19 32 1.41421
19 33 7.34847
19 34 33.4963
19 35 0
19 36 1.73205
19 37 0
19 38 33.7491
19 39 2.64575
19 40 2.64575
19 41 14.0357
19 42 1.41421
19 43 2.23607
19 44 1
19 45 4.3589
19 46 0
19 47 0
19 48 18.2483
19 49 1
19 50 3.74166
19 51 3.87298
19 52 52.4881
19 53 0
19 54 1.73205
19 55 3
19 56 48.4045
19 57 0
19 58 3.31662
19 59 0
19 60 3.31662
19 61 20.3224
19 62 1
19 63 6.55744
19 64 5
19 65 3.16228
19 66 53.6936
19 67 1.41421
19 68 1.41421
19 69 3.74166
19 70 1
19 71 45.0999
19 72 50.3686
19 73 2.23607
19 74 54.3047
19 75 2.44949
19 76 0
19 77 7.28011
19 78 2.44949
19 79 5.56776
19 80 56.7362
19 81 3.31662
19 82 1
19 83 8.48528
19 84 21.2838
19 85 1.41421
19 86 2
19 87 3.31662
19 88 1
19 89 3.31662
19 90 3
19 91 21.7715
19 92 51.2348
19 93 1.73205
19 94 2.64575
19 95 8.24621
19 96 2.82843
19 97 1.41421
19 98 56.3116
19 99 3.87298
19 100 4.69042
19 101 26.3059
19 102 1.73205
19 103 2.64575
19 104 3.16228
19 105 4.58258
19 106 1.73205
19 107 6.16441
19 108 41.4608
19 109 4.24264
19 110 3.31662
19 111 1
19 112 1
19 113 1.73205
19 114 1.73205
19 115 7.61577
19 116 1
19 117 2
19 118 1
19 119 4.69042
19 120 2.64575
20 21 5.74456
20 22 6.245
20 23 6.7082
20 24 52.1249
20 25 6.7082
20 26 49.4267
20 27 43.2435
20 28 5.83095
20 29 31.289
20 30 11.225
20 31 52.4214
20 32 6.63325
20 33 2.82843
20 34 32.8024
20 35 6.78233
20 36 6.55744
20 37 6.78233
20 38 33.0606
20 39 6.245
20 40 6.245
20 41 12.2882
20 42 6.63325
20 43 6.40312
20 44 6.7082
20 45 5.19615
20 46 6.78233
20 47 6.78233
20 48 16.9411
20 49 6.7082
20 50 5.65685
20 51 5.56776
20 52 52.0481
20 53 6.78233
20 54 6.55744
20 55 6.08276
20 56 47.927
20 57 6.78233
20 58 5.91608
20 59 6.78233
20 60 5.91608
20 61 19.1572
20 62 6.7082
20 63 1.73205
20 64 4.58258
20 65 6
20 66 53.2635
20 67 6.63325
20 68 6.63325
20 69 5.65685
20 70 6.7082
20 71 44.587
20 72 49.9099
20 73 6.40312
20 74 53.8795
20 75 6.32456
20 76 6.78233
20 77 2.64575
20 78 6.32456
20 79 3.87298
20 80 56.3294
20 81 5.91608
20 82 6.7082
20 83 5.09902
20 84 20.1742
20 85 6.63325
20 86 6.48074
20 87 5.91608
20 88 6.7082
20 89 5.91608
20 90 6.08276
20 91 20.6882
20 92 50.7839
20 93 6.55744
20 94 6.245
20 95 4.69042
20 96 6.16441
20 97 6.63325
20 98 55.9017
20 99 5.56776
20 100 4.89898
20 101 25.4165
20 102 6.55744
20 103 6.245
20 104 6
20 105 5
20 106 6.55744
20 107 2.82843
20 108 40.9023
20 109 5.2915
20 110 5.91608
20 111 6.7082
20 112 6.7082
20 113 6.55744
20 114 6.55744
20 115 3.4641
20 116 6.7082
20 117 6.48074
20 118 6.7082
20 119 4.89898
20 120 6.245
21 22 2.44949
21 23 3.4641
21 24 52.4404
21 25 3.4641
21 26 49.7594
21 27 43.6234
21 28 1
21 29 31.8119
21 30 12.6095
21 31 52.7352
21 32 3.31662
21 33 6.40312
21 34 33.3017
21 35 3.60555
21 36 3.16228
21 37 3.60555
21 38 33.5559
21 39 2.44949
21 40 2.44949
21 41 13.5647
21 42 3.31662
21 43 2.82843
21 44 3.4641
21 45 2.44949
21 46 3.60555
21 47 3.60555
21 48 17.8885
21 49 3.4641
21 50 1
21 51 1.41421
21 52 52.3641
21 53 3.60555
21 54 3.16228
21 55 2
21 56 48.2701
21 57 3.60555
21 58 1.41421
21 59 3.60555
21 60 1.41421
21 61 20
21 62 3.4641
21 63 5.47723
21 64 3.4641
21 65 1.73205
21 66 53.5724
21 67 3.31662
21 68 3.31662
21 69 1
21 70 3.4641
21 71 44.9555
21 72 50.2394
21 73 2.82843
21 74 54.1849
21 75 2.64575
21 76 3.60555
21 77 6.32456
21 78 2.64575
21 79 4.24264
21 80 56.6216
21 81 1.41421
21 82 3.4641
21 83 7.68115
21 84 20.9762
21 85 3.31662
21 86 3
21 87 1.41421
21 88 3.4641
21 89 1.41421
21 90 2
21 91 21.4709
21 92 51.1077
21 93 3.16228
21 94 2.44949
21 95 7.4162
21 96 2.23607
21 97 3.31662
21 98 56.1961
21 99 1.41421
21 100 3
21 101 26.0576
21 102 3.16228
21 103 2.44949
21 104 1.73205
21 105 2.82843
21 106 3.16228
21 107 5
21 108 41.3038
21 109 2.23607
21 110 1.41421
21 111 3.4641
21 112 3.4641
21 113 3.16228
21 114 3.16228
21 115 6.7082
21 116 3.4641
21 117 3
21 118 3.4641
21 119 3
21 120 2.44949
22 23 2.44949
22 24 52.4976
22 25 2.44949
22 26 49.8197
22 27 43.7035
22 28 2.23607
22 29 31.9061
22 30 12.8452
22 31 52.792
22 32 2.23607
22 33 6.85565
22 34 33.3916
22 35 2.64575
22 36 2
22 37 2.64575
22 38 33.6452
22 39 0
22 40 0
22 41 13.784
22 42 2.23607
22 43 1.41421
22 44 2.44949
22 45 3.4641
22 46 2.64575
22 47 2.64575
22 48 18.0555
22 49 2.44949
22 50 2.64575
22 51 2.82843
22 52 52.4214
22 53 2.64575
22 54 2
22 55 1.41421
22 56 48.3322
22 57 2.64575
22 58 2
22 59 2.64575
22 60 2
22 61 20.1494
22 62 2.44949
22 63 6
22 64 4.24264
22 65 1.73205
22 66 53.6284
22 67 2.23607
22 68 2.23607
22 69 2.64575
22 70 2.44949
22 71 45.0222
22 72 50.2991
22 73 1.41421
22 74 54.2402
22 75 1
22 76 2.64575
22 77 6.78233
22 78 1
22 79 4.89898
22 80 56.6745
22 81 2
22 82 2.44949
22 83 8.06226
22 84 21.1187
22 85 2.23607
22 86 1.73205
22 87 2
22 88 2.44949
22 89 2
22 90 1.41421
22 91 21.6102
22 92 51.1664
22 93 2
22 94 0
22 95 7.81025
22 96 1
22 97 2.23607
22 98 56.2494
22 99 2.82843
22 100 3.87298
22 101 26.1725
22 102 2
22 103 0
22 104 1.73205
22 105 3.74166
22 106 2
22 107 5.56776
22 108 41.3763
22 109 3.31662
22 110 2
22 111 2.44949
22 112 2.44949
22 113 2
22 114 2
22 115 7.14143
22 116 2.44949
22 117 1.73205
22 118 2.44949
22 119 3.87298
22 120 0
23 24 52.5547
23 25 0
23 26 49.8799
23 27 43.8406
23 28 3.31662
23 29 32
23 30 13.0767
23 31 52.8488
23 32 1
23 33 7.28011
23 34 33.4813
23 35 1
23 36 1.41421
23 37 1
23 38 33.7343
23 39 2.44949
23 40 2.44949
23 41 14
23 42 1
23 43 2
23 44 0
23 45 4.24264
23 46 1
23 47 1
23 48 18.2209
23 49 0
23 50 3.60555
23 51 3.74166
23 52 52.4786
23 53 1
23 54 1.41421
23 55 2.82843
23 56 48.3942
23 57 1
23 58 3.16228
23 59 1
23 60 3.16228
23 61 20.2978
23 62 0
23 63 6.48074
23 64 4.89898
23 65 3
23 66 53.6843
23 67 1
23 68 1
23 69 3.60555
23 70 0
23 71 45.0888
23 72 50.3587
23 73 2
23 74 54.2955
23 75 2.23607
23 76 1
23 77 7.2111
23 78 2.23607
23 79 5.47723
23 80 56.7274
23 81 3.16228
23 82 0
23 83 8.42615
23 84 21.2603
23 85 1
23 86 1.73205
23 87 3.16228
23 88 0
23 89 3.16228
23 90 2.82843
23 91 21.7486
23 92 51.225
23 93 1.41421
23 94 2.44949
23 95 8.18535
23 96 2.64575
23 97 1
23 98 56.3028
23 99 3.74166
23 100 4.58258
23 101 26.2869
23 102 1.41421
23 103 2.44949
23 104 3
23 105 4.47214
23 106 1.41421
23 107 6.08276
23 108 41.4488
23 109 4.12311
23 110 3.16228
23 111 0
23 112 0
23 113 1.41421
23 114 1.41421
23 115 7.54983
23 116 0
23 117 1.73205
23 118 0
23 119 4.58258
23 120 2.44949
24 25 52.5547
24 26 16.6132
24 27 29.2404
24 28 52.45
24 29 41.6893
24 30 50.9804
24 31 5.56776
24 32 52.5452
24 33 52.0481
24 34 40.5093
24 35 52.5642
24 36 52.5357
24 37 52.5642
24 38 40.2989
24 39 52.4976
24 40 52.4976
24 41 50.6557
24 42 52.5452
24 43 52.5167
24 44 52.5547
24 45 52.3832
24 46 52.5642
24 47 52.5642
24 48 49.8397
24 49 52.5547
24 50 52.4309
24 51 52.4214
24 52 2.82843
24 53 52.5642
24 54 52.5357
24 55 52.4786
24 56 20.5426
24 57 52.5642
24 58 52.4595
24 59 52.5642
24 60 52.4595
24 61 48.4768
24 62 52.5547
24 63 52.1536
24 64 52.3259
24 65 52.469
24 66 10.9545
24 67 52.5452
24 68 52.5452
24 69 52.4309
24 70 52.5547
24 71 27.1109
24 72 15.0997
24 73 52.5167
24 74 13.6382
24 75 52.5071
24 76 52.5642
24 77 52.0577
24 78 52.5071
24 79 52.2685
24 80 21.3542
24 81 52.4595
24 82 52.5547
24 83 51.8748
24 84 48.0625
24 85 52.5452
24 86 52.5262
24 87 52.4595
24 88 52.5547
24 89 52.4595
24 90 52.4786
24 91 47.8435
24 92 11.8322
24 93 52.5357
24 94 52.4976
24 95 51.9134
24 96 52.4881
24 97 52.5452
24 98 20.199
24 99 52.4214
24 100 52.3546
24 101 45.5082
24 102 52.5357
24 103 52.4976
24 104 52.469
24 105 52.3641
24 106 52.5357
24 107 52.2015
24 108 32.311
24 109 52.3927
24 110 52.4595
24 111 52.5547
24 112 52.5547
24 113 52.5357
24 114 52.5357
24 115 52.0096
24 116 52.5547
24 117 52.5262
24 118 52.5547
24 119 52.3546
24 120 52.4976
25 26 49.8799
25 27 43.8406
25 28 3.31662
25 29 32
25 30 13.0767
25 31 52.8488
25 32 1
25 33 7.28011
25 34 33.4813
25 35 1
25 36 1.41421
25 37 1
25 38 33.7343
25 39 2.44949
25 40 2.44949
25 41 14
25 42 1
25 43 2
25 44 0
25 45 4.24264
25 46 1
25 47 1
25 48 18.2209
25 49 0
25 50 3.60555
25 51 3.74166
25 52 52.4786
25 53 1
25 54 1.41421
25 55 2.82843
25 56 48.3942
25 57 1
25 58 3.16228
25 59 1
25 60 3.16228
25 61 20.2978
25 62 0
25 63 6.48074
25 64 4.89898
25 65 3
25 66 53.6843
25 67 1
25 68 1
25 69 3.60555
25 70 0
25 71 45.0888
25 72 50.3587
25 73 2
25 74 54.2955
25 75 2.23607
25 76 1
25 77 7.2111
25 78 2.23607
25 79 5.47723
25 80 56.7274
25 81 3.16228
25 82 0
25 83 8.42615
25 84 21.2603
25 85 1
25 86 1.73205
25 87 3.16228
25 88 0
25 89 3.16228
25 90 2.82843
25 91 21.7486
25 92 51.225
25 93 1.41421
25 94 2.44949
25 95 8.18535
25 96 2.64575
25 97 1
25 98 56.3028
25 99 3.74166
25 100 4.58258
25 101 26.2869
25 102 1.41421
25 103 2.44949
25 104 3
25 105 4.47214
25 106 1.41421
25 107 6.08276
25 108 41.4488
25 109 4.12311
25 110 3.16228
25 111 0
25 112 0
25 113 1.41421
25 114 1.41421
25 115 7.54983
25 116 0
25 117 1.73205
25 118 0
25 119 4.58258
25 120 2.44949
26 27 24.0208
26 28 49.7695
26 29 38.2623
26 30 48.1871
26 31 17.4642
26 32 49.8698
26 33 49.3457
26 34 36.973
26 35 49.8899
26 36 49.8598
26 37 49.8899
26 38 36.7423
26 39 49.8197
26 40 49.8197
26 41 47.8748
26 42 49.8698
26 43 49.8397
26 44 49.8799
26 45 49.6991
26 46 49.8899
26 47 49.8899
26 48 46.7761
26 49 49.8799
26 50 49.7494
26 51 49.7393
26 52 16.3707
26 53 49.8899
26 54 49.8598
26 55 49.7996
26 56 12.1655
26 57 49.8899
26 58 49.7795
26 59 49.8899
26 60 49.7795
26 61 45.5631
26 62 49.8799
26 63 49.4571
26 64 49.6387
26 65 49.7896
26 66 19.8997
26 67 49.8698
26 68 49.8698
26 69 49.7494
26 70 49.8799
26 71 21.4709
26 72 7.07107
26 73 49.8397
26 74 21.4942
26 75 49.8297
26 76 49.8899
26 77 49.3559
26 78 49.8297
26 79 49.5782
26 80 27.0555
26 81 49.7795
26 82 49.8799
26 83 49.163
26 84 45.1221
26 85 49.8698
26 86 49.8498
26 87 49.7795
26 88 49.8799
26 89 49.7795
26 90 49.7996
26 91 44.8888
26 92 11.7473
26 93 49.8598
26 94 49.8197
26 95 49.2037
26 96 49.8096
26 97 49.8698
26 98 26.1534
26 99 49.7393
26 100 49.6689
26 101 42.391
26 102 49.8598
26 103 49.8197
26 104 49.7896
26 105 49.679
26 106 49.8598
26 107 49.5076
26 108 27.7489
26 109 49.7092
26 110 49.7795
26 111 49.8799
26 112 49.8799
26 113 49.8598
26 114 49.8598
26 115 49.3052
26 116 49.8799
26 117 49.8498
26 118 49.8799
26 119 49.6689
26 120 49.8197
27 28 43.6348
27 29 29.8496
27 30 41.8091
27 31 29.6985
27 32 43.8178
27 33 43.1509
27 34 28.178
27 35 43.8634
27 36 43.795
27 37 43.8634
27 38 27.8747
27 39 43.7035
27 40 43.7035
27 41 41.4608
27 42 43.8178
27 43 43.7493
27 44 43.8406
27 45 43.5546
27 46 43.8634
27 47 43.8634
27 48 40.1123
27 49 43.8406
27 50 43.6119
27 51 43.6005
27 52 29.1033
27 53 43.8634
27 54 43.795
27 55 43.6692
27 56 20.7605
27 57 43.8634
27 58 43.6463
27 59 43.8634
27 60 43.6463
27 61 38.7685
27 62 43.8406
27 63 43.2782
27 64 43.4856
27 65 43.6578
27 66 31.225
27 67 43.8178
27 68 43.8178
27 69 43.6119
27 70 43.8406
27 71 11.225
27 72 25.0799
27 73 43.7493
27 74 32.2645
27 75 43.7264
27 76 43.8634
27 77 43.1625
27 78 43.7264
27 79 43.4166
27 80 36.2077
27 81 43.6463
27 82 43.8406
27 83 42.9418
27 84 38.2492
27 85 43.8178
27 86 43.7721
27 87 43.6463
27 88 43.8406
27 89 43.6463
27 90 43.6692
27 91 37.9737
27 92 26.7769
27 93 43.795
27 94 43.7035
27 95 42.9884
27 96 43.6807
27 97 43.8178
27 98 35.5387
27 99 43.6005
27 100 43.5201
27 101 34.9857
27 102 43.795
27 103 43.7035
27 104 43.6578
27 105 43.5316
27 106 43.795
27 107 43.3359
27 108 14.0357
27 109 43.566
27 110 43.6463
27 111 43.8406
27 112 43.8406
27 113 43.795
27 114 43.795
27 115 43.1045
27 116 43.8406
27 117 43.7721
27 118 43.8406
27 119 43.5201
27 120 43.7035
28 29 31.8277
28 30 12.6491
28 31 52.7447
28 32 3.16228
28 33 6.48074
28 34 33.3167
28 35 3.4641
28 36 3
28 37 3.4641
28 38 33.5708
28 39 2.23607
28 40 2.23607
28 41 13.6015
28 42 3.16228
28 43 2.64575
28 44 3.31662
28 45 2.64575
28 46 3.4641
28 47 3.4641
28 48 17.9165
28 49 3.31662
28 50 1.41421
28 51 1.73205
28 52 52.3737
28 53 3.4641
28 54 3
28 55 1.73205
28 56 48.2804
28 57 3.4641
28 58 1
28 59 3.4641
28 60 1
28 61 20.025
28 62 3.31662
28 63 5.56776
28 64 3.60555
28 65 1.41421
28 66 53.5817
28 67 3.16228
28 68 3.16228
28 69 1.41421
28 70 3.31662
28 71 44.9667
28 72 50.2494
28 73 2.64575
28 74 54.1941
28 75 2.44949
28 76 3.4641
28 77 6.40312
28 78 2.44949
28 79 4.3589
28 80 56.6304
28 81 1
28 82 3.31662
28 83 7.74597
28 84 21
28 85 3.16228
28 86 2.82843
28 87 1
28 88 3.31662
28 89 1
28 90 1.73205
28 91 21.4942
28 92 51.1175
28 93 3
28 94 2.23607
28 95 7.48331
28 96 2
28 97 3.16228
28 98 56.205
28 99 1.73205
28 100 3.16228
28 101 26.0768
28 102 3
28 103 2.23607
28 104 1.41421
28 105 3
28 106 3
28 107 5.09902
28 108 41.3159
28 109 2.44949
28 110 1
28 111 3.31662
28 112 3.31662
28 113 3
28 114 3
28 115 6.78233
28 116 3.31662
28 117 2.82843
28 118 3.31662
28 119 3.16228
28 120 2.23607
29 30 29.3428
29 31 42.0595
29 32 31.9844
29 33 31.1609
29 34 9.84886
29 35 32.0156
29 36 31.9687
29 37 32.0156
29 38 10.6771
29 39 31.9061
29 40 31.9061
29 41 28.775
29 42 31.9844
29 43 31.9374
29 44 32
29 45 31.7175
29 46 32.0156
29 47 32.0156
29 48 27.313
29 49 32
29 50 31.7962
29 51 31.7805
29 52 41.5933
29 53 32.0156
29 54 31.9687
29 55 31.8748
29 56 36.3043
29 57 32.0156
29 58 31.8434
29 59 32.0156
29 60 31.8434
29 61 24.7386
29 62 32
29 63 31.3369
29 64 31.6228
29 65 31.8591
29 66 43.1045
29 67 31.9844
29 68 31.9844
29 69 31.7962
29 70 32
29 71 31.7648
29 72 38.8844
29 73 31.9374
29 74 43.8634
29 75 31.9218
29 76 32.0156
29 77 31.1769
29 78 31.9218
29 79 31.5278
29 80 46.8402
29 81 31.8434
29 82 32
29 83 30.8707
29 84 23.9165
29 85 31.9844
29 86 31.9531
29 87 31.8434
29 88 32
29 89 31.8434
29 90 31.8748
29 91 23.4734
29 92 40
29 93 31.9687
29 94 31.9061
29 95 30.9354
29 96 31.8904
29 97 31.9844
29 98 46.3249
29 99 31.7805
29 100 31.6702
29 101 18.2483
29 102 31.9687
29 103 31.9061
29 104 31.8591
29 105 31.686
29 106 31.9687
29 107 31.4166
29 108 26.3439
29 109 31.7333
29 110 31.8434
29 111 32
29 112 32
29 113 31.9687
29 114 31.9687
29 115 31.0966
29 116 32
29 117 31.9531
29 118 32
29 119 31.6702
29 120 31.9061
30 31 51.2543
30 32 13.0384
30 33 10.8628
30 34 30.9516
30 35 13.1149
30 36 13
30 37 13.1149
30 38 31.225
30 39 12.8452
30 40 12.8452
30 41 5.74456
30 42 13.0384
30 43 12.9228
30 44 13.0767
30 45 12.3693
30 46 13.1149
30 47 13.1149
30 48 12.0416
30 49 13.0767
30 50 12.5698
30 51 12.53
30 52 50.9019
30 53 13.1149
30 54 13
30 55 12.7671
30 56 46.6476
30 57 13.1149
30 58 12.6886
30 59 13.1149
30 60 12.6886
30 61 15.7797
30 62 13.0767
30 63 11.3578
30 64 12.1244
30 65 12.7279
30 66 52.144
30 67 13.0384
30 68 13.0384
30 69 12.5698
30 70 13.0767
30 71 43.2088
30 72 48.6826
30 73 12.9228
30 74 52.7731
30 75 12.8841
30 76 13.1149
30 77 10.9087
30 78 12.8841
30 79 11.8743
30 80 55.2721
30 81 12.6886
30 82 13.0767
30 83 10
30 84 17
30 85 13.0384
30 86 12.9615
30 87 12.6886
30 88 13.0767
30 89 12.6886
30 90 12.7671
30 91 17.6068
30 92 49.5782
30 93 13
30 94 12.8452
30 95 10.198
30 96 12.8062
30 97 13.0384
30 98 54.8088
30 99 12.53
30 100 12.2474
30 101 22.9783
30 102 13
30 103 12.8452
30 104 12.7279
30 105 12.2882
30 106 13
30 107 11.5758
30 108 39.4335
30 109 12.4097
30 110 12.6886
30 111 13.0767
30 112 13.0767
30 113 13
30 114 13
30 115 10.6771
30 116 13.0767
30 117 12.9615
30 118 13.0767
30 119 12.2474
30 120 12.8452
31 32 52.8394
31 33 52.345
31 34 40.8901
31 35 52.8583
31 36 52.8299
31 37 52.8583
31 38 40.6817
31 39 52.792
31 40 52.792
31 41 50.9608
31 42 52.8394
31 43 52.811
31 44 52.8488
31 45 52.6783
31 46 52.8583
31 47 52.8583
31 48 49.93
31 49 52.8488
31 50 52.7257
31 51 52.7162
31 52 6.245
31 53 52.8583
31 54 52.8299
31 55 52.7731
31 56 21.2368
31 57 52.8583
31 58 52.7541
31 59 52.8583
31 60 52.7541
31 61 48.7955
31 62 52.8488
31 63 52.45
31 64 52.6213
31 65 52.7636
31 66 9.64365
31 67 52.8394
31 68 52.8394
31 69 52.7257
31 70 52.8488
31 71 27.6405
31 72 16.0935
31 73 52.811
31 74 12.6095
31 75 52.8015
31 76 52.8583
31 77 52.3546
31 78 52.8015
31 79 52.5642
31 80 20.7123
31 81 52.7541
31 82 52.8488
31 83 52.1728
31 84 48.3839
31 85 52.8394
31 86 52.8205
31 87 52.7541
31 88 52.8488
31 89 52.7541
31 90 52.7731
31 91 48.1664
31 92 13.0767
31 93 52.8299
31 94 52.792
31 95 52.2111
31 96 52.7826
31 97 52.8394
31 98 19.5192
31 99 52.7162
31 100 52.6498
31 101 45.8476
31 102 52.8299
31 103 52.792
31 104 52.7636
31 105 52.6593
31 106 52.8299
31 107 52.4976
31 108 32.7872
31 109 52.6878
31 110 52.7541
31 111 52.8488
31 112 52.8488
31 113 52.8299
31 114 52.8299
31 115 52.3068
31 116 52.8488
31 117 52.8205
31 118 52.8488
31 119 52.6498
31 120 52.792
32 33 7.2111
32 34 33.4664
32 35 1.41421
32 36 1
32 37 1.41421
32 38 33.7194
32 39 2.23607
32 40 2.23607
32 41 13.9642
32 42 0
32 43 1.73205
32 44 1
32 45 4.12311
32 46 1.41421
32 47 1.41421
32 48 18.1934
32 49 1
32 50 3.4641
32 51 3.60555
32 52 52.469
32 53 1.41421
32 54 1
32 55 2.64575
32 56 48.3839
32 57 1.41421
32 58 3
32 59 1.41421
32 60 3
32 61 20.2731
32 62 1
32 63 6.40312
32 64 4.79583
32 65 2.82843
32 66 53.6749
32 67 0
32 68 0
32 69 3.4641
32 70 1
32 71 45.0777
32 72 50.3488
32 73 1.73205
32 74 54.2863
32 75 2
32 76 1.41421
32 77 7.14143
32 78 2
32 79 5.38516
32 80 56.7186
32 81 3
32 82 1
32 83 8.3666
32 84 21.2368
32 85 0
32 86 1.41421
32 87 3
32 88 1
32 89 3
32 90 2.64575
32 91 21.7256
32 92 51.2152
32 93 1
32 94 2.23607
32 95 8.12404
32 96 2.44949
32 97 0
32 98 56.2939
32 99 3.60555
32 100 4.47214
32 101 26.2679
32 102 1
32 103 2.23607
32 104 2.82843
32 105 4.3589
32 106 1
32 107 6
32 108 41.4367
32 109 4
32 110 3
32 111 1
32 112 1
32 113 1
32 114 1
32 115 7.48331
32 116 1
32 117 1.41421
32 118 1
32 119 4.47214
32 120 2.23607
33 34 32.6803
33 35 7.34847
33 36 7.14143
33 37 7.34847
33 38 32.9393
33 39 6.85565
33 40 6.85565
33 41 11.9583
33 42 7.2111
33 43 7
33 44 7.28011
33 45 5.91608
33 46 7.34847
33 47 7.34847
33 48 16.7033
33 49 7.28011
33 50 6.32456
33 51 6.245
33 52 51.9711
33 53 7.34847
33 54 7.14143
33 55 6.7082
33 56 47.8435
33 57 7.34847
33 58 6.55744
33 59 7.34847
33 60 6.55744
33 61 18.9473
33 62 7.28011
33 63 3.31662
33 64 5.38516
33 65 6.63325
33 66 53.1883
33 67 7.2111
33 68 7.2111
33 69 6.32456
33 70 7.28011
33 71 44.4972
33 72 49.8297
33 73 7
33 74 53.8052
33 75 6.9282
33 76 7.34847
33 77 1
33 78 6.9282
33 79 4.79583
33 80 56.2583
33 81 6.55744
33 82 7.28011
33 83 4.24264
33 84 19.975
33 85 7.2111
33 86 7.07107
33 87 6.55744
33 88 7.28011
33 89 6.55744
33 90 6.7082
33 91 20.4939
33 92 50.705
33 93 7.14143
33 94 6.85565
33 95 3.74166
33 96 6.78233
33 97 7.2111
33 98 55.8301
33 99 6.245
33 100 5.65685
33 101 25.2587
33 102 7.14143
33 103 6.85565
33 104 6.63325
33 105 5.74456
33 106 7.14143
33 107 4
33 108 40.8044
33 109 6
33 110 6.55744
33 111 7.28011
33 112 7.28011
33 113 7.14143
33 114 7.14143
33 115 2
33 116 7.28011
33 117 7.07107
33 118 7.28011
33 119 5.65685
33 120 6.85565
34 35 33.4963
34 36 33.4515
34 37 33.4963
34 38 4.12311
34 39 33.3916
34 40 33.3916
34 41 30.4138
34 42 33.4664
34 43 33.4215
34 44 33.4813
34 45 33.2114
34 46 33.4963
34 47 33.4963
34 48 29.0345
34 49 33.4813
34 50 33.2866
34 51 33.2716
34 52 40.4104
34 53 33.4963
34 54 33.4515
34 55 33.3617
34 56 34.9428
34 57 33.4963
34 58 33.3317
34 59 33.4963
34 60 33.3317
34 61 26.6271
34 62 33.4813
34 63 32.8481
34 64 33.121
34 65 33.3467
34 66 41.9643
34 67 33.4664
34 68 33.4664
34 69 33.2866
34 70 33.4813
34 71 30.1993
34 72 37.6165
34 73 33.4215
34 74 42.7434
34 75 33.4066
34 76 33.4963
34 77 32.6956
34 78 33.4066
34 79 33.0303
34 80 45.793
34 81 33.3317
34 82 33.4813
34 83 32.4037
34 84 25.865
34 85 33.4664
34 86 33.4365
34 87 33.3317
34 88 33.4813
34 89 33.3317
34 90 33.3617
34 91 25.4558
34 92 38.7685
34 93 33.4515
34 94 33.3916
34 95 32.4654
34 96 33.3766
34 97 33.4664
34 98 45.2659
34 99 33.2716
34 100 33.1662
34 101 20.7364
34 102 33.4515
34 103 33.3916
34 104 33.3467
34 105 33.1813
34 106 33.4515
34 107 32.9242
34 108 24.4336
34 109 33.2265
34 110 33.3317
34 111 33.4813
34 112 33.4813
34 113 33.4515
34 114 33.4515
34 115 32.619
34 116 33.4813
34 117 33.4365
34 118 33.4813
34 119 33.1662
34 120 33.3916
35 36 1.73205
35 37 0
35 38 33.7491
35 39 2.64575
35 40 2.64575
35 41 14.0357
35 42 1.41421
35 43 2.23607
35 44 1
35 45 4.3589
35 46 0
35 47 0
35 48 18.2483
35 49 1
35 50 3.74166
35 51 3.87298
35 52 52.4881
35 53 0
35 54 1.73205
35 55 3
35 56 48.4045
35 57 0
35 58 3.31662
35 59 0
35 60 3.31662
35 61 20.3224
35 62 1
35 63 6.55744
35 64 5
35 65 3.16228
35 66 53.6936
35 67 1.41421
35 68 1.41421
35 69 3.74166
35 70 1
35 71 45.0999
35 72 50.3686
35 73 2.23607
35 74 54.3047
35 75 2.44949
35 76 0
35 77 7.28011
35 78 2.44949
35 79 5.56776
35 80 56.7362
35 81 3.31662
35 82 1
35 83 8.48528
35 84 21.2838
35 85 1.41421
35 86 2
35 87 3.31662
35 88 1
35 89 3.31662
35 90 3
35 91 21.7715
35 92 51.2348
35 93 1.73205
35 94 2.64575
35 95 8.24621
35 96 2.82843
35 97 1.41421
35 98 56.3116
35 99 3.87298
35 100 4.69042
35 101 26.3059
35 102 1.73205
35 103 2.64575
35 104 3.16228
35 105 4.58258
35 106 1.73205
35 107 6.16441
35 108 41.4608
35 109 4.24264
35 110 3.31662
35 111 1
35 112 1
35 113 1.73205
35 114 1.73205
35 115 7.61577
35 116 1
35 117 2
35 118 1
35 119 4.69042
35 120 2.64575
36 37 1.73205
36 38 33.7046
36 39 2
36 40 2
36 41 13.9284
36 42 1
36 43 1.41421
36 44 1.41421
36 45 4
36 46 1.73205
36 47 1.73205
36 48 18.1659
36 49 1.41421
36 50 3.31662
36 51 3.4641
36 52 52.4595
36 53 1.73205
36 54 0
36 55 2.44949
36 56 48.3735
36 57 1.73205
36 58 2.82843
36 59 1.73205
36 60 2.82843
36 61 20.2485
36 62 1.41421
36 63 6.32456
36 64 4.69042
36 65 2.64575
36 66 53.6656
36 67 1
36 68 1
36 69 3.31662
36 70 1.41421
36 71 45.0666
36 72 50.3389
36 73 1.41421
36 74 54.2771
36 75 1.73205
36 76 1.73205
36 77 7.07107
36 78 1.73205
36 79 5.2915
36 80 56.7098
36 81 2.82843
36 82 1.41421
36 83 8.30662
36 84 21.2132
36 85 1
36 86 1
36 87 2.82843
36 88 1.41421
36 89 2.82843
36 90 2.44949
36 91 21.7025
36 92 51.2055
36 93 0
36 94 2
36 95 8.06226
36 96 2.23607
36 97 1
36 98 56.285
36 99 3.4641
36 100 4.3589
36 101 26.2488
36 102 0
36 103 2
36 104 2.64575
36 105 4.24264
36 106 0
36 107 5.91608
36 108 41.4246
36 109 3.87298
36 110 2.82843
36 111 1.41421
36 112 1.41421
36 113 0
36 114 0
36 115 7.4162
36 116 1.41421
36 117 1
36 118 1.41421
36 119 4.3589
36 120 2
37 38 33.7491
37 39 2.64575
37 40 2.64575
37 41 14.0357
37 42 1.41421
37 43 2.23607
37 44 1
37 45 4.3589
37 46 0
37 47 0
37 48 18.2483
37 49 1
37 50 3.74166
37 51 3.87298
37 52 52.4881
37 53 0
37 54 1.73205
37 55 3
37 56 48.4045
37 57 0
37 58 3.31662
37 59 0
37 60 3.31662
37 61 20.3224
37 62 1
37 63 6.55744
37 64 5
37 65 3.16228
37 66 53.6936
37 67 1.41421
37 68 1.41421
37 69 3.74166
37 70 1
37 71 45.0999
37 72 50.3686
37 73 2.23607
37 74 54.3047
37 75 2.44949
37 76 0
37 77 7.28011
37 78 2.44949
37 79 5.56776
37 80 56.7362
37 81 3.31662
37 82 1
37 83 8.48528
37 84 21.2838
37 85 1.41421
37 86 2
37 87 3.31662
37 88 1
37 89 3.31662
37 90 3
37 91 21.7715
37 92 51.2348
37 93 1.73205
37 94 2.64575
37 95 8.24621
37 96 2.82843
37 97 1.41421
37 98 56.3116
37 99 3.87298
37 100 4.69042
37 101 26.3059
37 102 1.73205
37 103 2.64575
37 104 3.16228
37 105 4.58258
37 106 1.73205
37 107 6.16441
37 108 41.4608
37 109 4.24264
37 110 3.31662
37 111 1
37 112 1
37 113 1.73205
37 114 1.73205
37 115 7.61577
37 116 1
37 117 2
37 118 1
37 119 4.69042
37 120 2.64575
38 39 33.6452
38 40 33.6452
38 41 30.692
38 42 33.7194
38 43 33.6749
38 44 33.7343
38 45 33.4664
38 46 33.7491
38 47 33.7491
38 48 29.3258
38 49 33.7343
38 50 33.541
38 51 33.5261
38 52 40.1995
38 53 33.7491
38 54 33.7046
38 55 33.6155
38 56 34.6987
38 57 33.7491
38 58 33.5857
38 59 33.7491
38 60 33.5857
38 61 26.9444
38 62 33.7343
38 63 33.1059
38 64 33.3766
38 65 33.6006
38 66 41.7612
38 67 33.7194
38 68 33.7194
38 69 33.541
38 70 33.7343
38 71 29.9166
38 72 37.3898
38 73 33.6749
38 74 42.5441
38 75 33.6601
38 76 33.7491
38 77 32.9545
38 78 33.6601
38 79 33.2866
38 80 45.607
38 81 33.5857
38 82 33.7343
38 83 32.665
38 84 26.1916
38 85 33.7194
38 86 33.6898
38 87 33.5857
38 88 33.7343
38 89 33.5857
38 90 33.6155
38 91 25.7876
38 92 38.5487
38 93 33.7046
38 94 33.6452
38 95 32.7261
38 96 33.6303
38 97 33.7194
38 98 45.0777
38 99 33.5261
38 100 33.4215
38 101 21.1424
38 102 33.7046
38 103 33.6452
38 104 33.6006
38 105 33.4365
38 106 33.7046
38 107 33.1813
38 108 24.0832
38 109 33.4813
38 110 33.5857
38 111 33.7343
38 112 33.7343
38 113 33.7046
38 114 33.7046
38 115 32.8786
38 116 33.7343
38 117 33.6898
38 118 33.7343
38 119 33.4215
38 120 33.6452
39 40 0
39 41 13.784
39 42 2.23607
39 43 1.41421
39 44 2.44949
39 45 3.4641
39 46 2.64575
39 47 2.64575
39 48 18.0555
39 49 2.44949
39 50 2.64575
39 51 2.82843
39 52 52.4214
39 53 2.64575
39 54 2
39 55 1.41421
39 56 48.3322
39 57 2.64575
39 58 2
39 59 2.64575
39 60 2
39 61 20.1494
39 62 2.44949
39 63 6
39 64 4.24264
39 65 1.73205
39 66 53.6284
39 67 2.23607
39 68 2.23607
39 69 2.64575
39 70 2.44949
39 71 45.0222
39 72 50.2991
39 73 1.41421
39 74 54.2402
39 75 1
39 76 2.64575
39 77 6.78233
39 78 1
39 79 4.89898
39 80 56.6745
39 81 2
39 82 2.44949
39 83 8.06226
39 84 21.1187
39 85 2.23607
39 86 1.73205
39 87 2
39 88 2.44949
39 89 2
39 90 1.41421
39 91 21.6102
39 92 51.1664
39 93 2
39 94 0
39 95 7.81025
39 96 1
39 97 2.23607
39 98 56.2494
39 99 2.82843
39 100 3.87298
39 101 26.1725
39 102 2
39 103 0
39 104 1.73205
39 105 3.74166
39 106 2
39 107 5.56776
39 108 41.3763
39 109 3.31662
39 110 2
39 111 2.44949
39 112 2.44949
39 113 2
39 114 2
39 115 7.14143
39 116 2.44949
39 117 1.73205
39 118 2.44949
39 119 3.87298
39 120 0
40 41 13.784
40 42 2.23607
40 43 1.41421
40 44 2.44949
40 45 3.4641
40 46 2.64575
40 47 2.64575
40 48 18.0555
40 49 2.44949
40 50 2.64575
40 51 2.82843
40 52 52.4214
40 53 2.64575
40 54 2
40 55 1.41421
40 56 48.3322
40 57 2.64575
40 58 2
40 59 2.64575
40 60 2
40 61 20.1494
40 62 2.44949
40 63 6
40 64 4.24264
40 65 1.73205
40 66 53.6284
40 67 2.23607
40 68 2.23607
40 69 2.64575
40 70 2.44949
40 71 45.0222
40 72 50.2991
40 73 1.41421
40 74 54.2402
40 75 1
40 76 2.64575
40 77 6.78233
40 78 1
40 79 4.89898
40 80 56.6745
40 81 2
40 82 2.44949
40 83 8.06226
40 84 21.1187
40 85 2.23607
40 86 1.73205
40 87 2
40 88 2.44949
40 89 2
40 90 1.41421
40 91 21.6102
40 92 51.1664
40 93 2
40 94 0
40 95 7.81025
40 96 1
40 97 2.23607
40 98 56.2494
40 99 2.82843
40 100 3.87298
40 101 26.1725
40 102 2
40 103 0
40 104 1.73205
40 105 3.74166
40 106 2
40 107 5.56776
40 108 41.3763
40 109 3.31662
40 110 2
40 111 2.44949
40 112 2.44949
40 113 2
40 114 2
40 115 7.14143
40 116 2.44949
40 117 1.73205
40 118 2.44949
40 119 3.87298
40 120 0
41 42 13.9642
41 43 13.8564
41 44 14
41 45 13.3417
41 46 14.0357
41 47 14.0357
41 48 11.6619
41 49 14
41 50 13.5277
41 51 13.4907
41 52 50.5767
41 53 14.0357
41 54 13.9284
41 55 13.7113
41 56 46.3249
41 57 14.0357
41 58 13.6382
41 59 14.0357
41 60 13.6382
41 61 14.6969
41 62 14
41 63 12.4097
41 64 13.1149
41 65 13.6748
41 66 51.8266
41 67 13.9642
41 68 13.9642
41 69 13.5277
41 70 14
41 71 42.8602
41 72 48.3735
41 73 13.8564
41 74 52.4595
41 75 13.8203
41 76 14.0357
41 77 12
41 78 13.8203
41 79 12.8841
41 80 54.9727
41 81 13.6382
41 82 14
41 83 11.1803
41 84 16
41 85 13.9642
41 86 13.8924
41 87 13.6382
41 88 14
41 89 13.6382
41 90 13.7113
41 91 16.6433
41 92 49.2747
41 93 13.9284
41 94 13.784
41 95 11.3578
41 96 13.7477
41 97 13.9642
41 98 54.5344
41 99 13.4907
41 100 13.2288
41 101 22.2486
41 102 13.9284
41 103 13.784
41 104 13.6748
41 105 13.2665
41 106 13.9284
41 107 12.6095
41 108 39.0128
41 109 13.3791
41 110 13.6382
41 111 14
41 112 14
41 113 13.9284
41 114 13.9284
41 115 11.7898
41 116 14
41 117 13.8924
41 118 14
41 119 13.2288
41 120 13.784
42 43 1.73205
42 44 1
42 45 4.12311
42 46 1.41421
42 47 1.41421
42 48 18.1934
42 49 1
42 50 3.4641
42 51 3.60555
42 52 52.469
42 53 1.41421
42 54 1
42 55 2.64575
42 56 48.3839
42 57 1.41421
42 58 3
42 59 1.41421
42 60 3
42 61 20.2731
42 62 1
42 63 6.40312
42 64 4.79583
42 65 2.82843
42 66 53.6749
42 67 0
42 68 0
42 69 3.4641
42 70 1
42 71 45.0777
42 72 50.3488
42 73 1.73205
42 74 54.2863
42 75 2
42 76 1.41421
42 77 7.14143
42 78 2
42 79 5.38516
42 80 56.7186
42 81 3
42 82 1
42 83 8.3666
42 84 21.2368
42 85 0
42 86 1.41421
42 87 3
42 88 1
42 89 3
42 90 2.64575
42 91 21.7256
42 92 51.2152
42 93 1
42 94 2.23607
42 95 8.12404
42 96 2.44949
42 97 0
42 98 56.2939
42 99 3.60555
42 100 4.47214
42 101 26.2679
42 102 1
42 103 2.23607
42 104 2.82843
42 105 4.3589
42 106 1
42 107 6
42 108 41.4367
42 109 4
42 110 3
42 111 1
42 112 1
42 113 1
42 114 1
42 115 7.48331
42 116 1
42 117 1.41421
42 118 1
42 119 4.47214
42 120 2.23607
43 44 2
43 45 3.74166
43 46 2.23607
43 47 2.23607
43 48 18.1108
43 49 2
43 50 3
43 51 3.16228
43 52 52.4404
43 53 2.23607
43 54 1.41421
43 55 2
43 56 48.3529
43 57 2.23607
43 58 2.44949
43 59 2.23607
43 60 2.44949
43 61 20.199
43 62 2
43 63 6.16441
43 64 4.47214
43 65 2.23607
43 66 53.647
43 67 1.73205
43 68 1.73205
43 69 3
43 70 2
43 71 45.0444
43 72 50.319
43 73 0
43 74 54.2586
43 75 1
43 76 2.23607
43 77 6.9282
43 78 1
43 79 5.09902
43 80 56.6922
43 81 2.44949
43 82 2
43 83 8.18535
43 84 21.166
43 85 1.73205
43 86 1
43 87 2.44949
43 88 2
43 89 2.44949
43 90 2
43 91 21.6564
43 92 51.1859
43 93 1.41421
43 94 1.41421
43 95 7.93725
43 96 1.73205
43 97 1.73205
43 98 56.2672
43 99 3.16228
43 100 4.12311
43 101 26.2107
43 102 1.41421
43 103 1.41421
43 104 2.23607
43 105 4
43 106 1.41421
43 107 5.74456
43 108 41.4005
43 109 3.60555
43 110 2.44949
43 111 2
43 112 2
43 113 1.41421
43 114 1.41421
43 115 7.28011
43 116 2
43 117 1
43 118 2
43 119 4.12311
43 120 1.41421
44 45 4.24264
44 46 1
44 47 1
44 48 18.2209
44 49 0
44 50 3.60555
44 51 3.74166
44 52 52.4786
44 53 1
44 54 1.41421
44 55 2.82843
44 56 48.3942
44 57 1
44 58 3.16228
44 59 1
44 60 3.16228
44 61 20.2978
44 62 0
44 63 6.48074
44 64 4.89898
44 65 3
44 66 53.6843
44 67 1
44 68 1
44 69 3.60555
44 70 0
44 71 45.0888
44 72 50.3587
44 73 2
44 74 54.2955
44 75 2.23607
44 76 1
44 77 7.2111
44 78 2.23607
44 79 5.47723
44 80 56.7274
44 81 3.16228
44 82 0
44 83 8.42615
44 84 21.2603
44 85 1
44 86 1.73205
44 87 3.16228
44 88 0
44 89 3.16228
44 90 2.82843
44 91 21.7486
44 92 51.225
44 93 1.41421
44 94 2.44949
44 95 8.18535
44 96 2.64575
44 97 1
44 98 56.3028
44 99 3.74166
44 100 4.58258
44 101 26.2869
44 102 1.41421
44 103 2.44949
44 104 3
44 105 4.47214
44 106 1.41421
44 107 6.08276
44 108 41.4488
44 109 4.12311
44 110 3.16228
44 111 0
44 112 0
44 113 1.41421
44 114 1.41421
44 115 7.54983
44 116 0
44 117 1.73205
44 118 0
44 119 4.58258
44 120 2.44949
45 46 4.3589
45 47 4.3589
45 48 17.72
45 49 4.24264
45 50 2.23607
45 51 2
45 52 52.3068
45 53 4.3589
45 54 4
45 55 3.16228
45 56 48.2079
45 57 4.3589
45 58 2.82843
45 59 4.3589
45 60 2.82843
45 61 19.8494
45 62 4.24264
45 63 4.89898
45 64 2.44949
45 65 3
45 66 53.5164
45 67 4.12311
45 68 4.12311
45 69 2.23607
45 70 4.24264
45 71 44.8888
45 72 50.1797
45 73 3.74166
45 74 54.1295
45 75 3.60555
45 76 4.3589
45 77 5.83095
45 78 3.60555
45 79 3.4641
45 80 56.5685
45 81 2.82843
45 82 4.24264
45 83 7.28011
45 84 20.8327
45 85 4.12311
45 86 3.87298
45 87 2.82843
45 88 4.24264
45 89 2.82843
45 90 3.16228
45 91 21.3307
45 92 51.049
45 93 4
45 94 3.4641
45 95 7
45 96 3.31662
45 97 4.12311
45 98 56.1427
45 99 2
45 100 1.73205
45 101 25.9422
45 102 4
45 103 3.4641
45 104 3
45 105 1.41421
45 106 4
45 107 4.3589
45 108 41.2311
45 109 1
45 110 2.82843
45 111 4.24264
45 112 4.24264
45 113 4
45 114 4
45 115 6.245
45 116 4.24264
45 117 3.87298
45 118 4.24264
45 119 1.73205
45 120 3.4641
46 47 0
46 48 18.2483
46 49 1
46 50 3.74166
46 51 3.87298
46 52 52.4881
46 53 0
46 54 1.73205
46 55 3
46 56 48.4045
46 57 0
46 58 3.31662
46 59 0
46 60 3.31662
46 61 20.3224
46 62 1
46 63 6.55744
46 64 5
46 65 3.16228
46 66 53.6936
46 67 1.41421
46 68 1.41421
46 69 3.74166
46 70 1
46 71 45.0999
46 72 50.3686
46 73 2.23607
46 74 54.3047
46 75 2.44949
46 76 0
46 77 7.28011
46 78 2.44949
46 79 5.56776
46 80 56.7362
46 81 3.31662
46 82 1
46 83 8.48528
46 84 21.2838
46 85 1.41421
46 86 2
46 87 3.31662
46 88 1
46 89 3.31662
46 90 3
46 91 21.7715
46 92 51.2348
46 93 1.73205
46 94 2.64575
46 95 8.24621
46 96 2.82843
46 97 1.41421
46 98 56.3116
46 99 3.87298
46 100 4.69042
46 101 26.3059
46 102 1.73205
46 103 2.64575
46 104 3.16228
46 105 4.58258
46 106 1.73205
46 107 6.16441
46 108 41.4608
46 109 4.24264
46 110 3.31662
46 111 1
46 112 1
46 113 1.73205
46 114 1.73205
46 115 7.61577
46 116 1
46 117 2
46 118 1
46 119 4.69042
46 120 2.64575
47 48 18.2483
47 49 1
47 50 3.74166
47 51 3.87298
47 52 52.4881
47 53 0
47 54 1.73205
47 55 3
47 56 48.4045
47 57 0
47 58 3.31662
47 59 0
47 60 3.31662
47 61 20.3224
47 62 1
47 63 6.55744
47 64 5
47 65 3.16228
47 66 53.6936
47 67 1.41421
47 68 1.41421
47 69 3.74166
47 70 1
47 71 45.0999
47 72 50.3686
47 73 2.23607
47 74 54.3047
47 75 2.44949
47 76 0
47 77 7.28011
47 78 2.44949
47 79 5.56776
47 80 56.7362
47 81 3.31662
47 82 1
47 83 8.48528
47 84 21.2838
47 85 1.41421
47 86 2
47 87 3.31662
47 88 1
47 89 3.31662
47 90 3
47 91 21.7715
47 92 51.2348
47 93 1.73205
47 94 2.64575
47 95 8.24621
47 96 2.82843
47 97 1.41421
47 98 56.3116
47 99 3.87298
47 100 4.69042
47 101 26.3059
47 102 1.73205
47 103 2.64575
47 104 3.16228
47 105 4.58258
47 106 1.73205
47 107 6.16441
47 108 41.4608
47 109 4.24264
47 110 3.31662
47 111 1
47 112 1
47 113 1.73205
47 114 1.73205
47 115 7.61577
47 116 1
47 117 2
47 118 1
47 119 4.69042
47 120 2.64575
48 49 18.2209
48 50 17.8606
48 51 17.8326
48 52 49.7594
48 53 18.2483
48 54 18.1659
48 55 18
48 56 45.1885
48 57 18.2483
48 58 17.9444
48 59 18.2483
48 60 17.9444
48 61 11.5758
48 62 18.2209
48 63 17.0294
48 64 17.5499
48 65 17.9722
48 66 51.0294
48 67 18.1934
48 68 18.1934
48 69 17.8606
48 70 18.2209
48 71 41.6293
48 72 47.2864
48 73 18.1108
48 74 51.672
48 75 18.0831
48 76 18.2483
48 77 16.7332
48 78 18.0831
48 79 17.3781
48 80 54.2218
48 81 17.9444
48 82 18.2209
48 83 16.1555
48 84 13.1909
48 85 18.1934
48 86 18.1384
48 87 17.9444
48 88 18.2209
48 89 17.9444
48 90 18
48 91 13.9642
48 92 48.2079
48 93 18.1659
48 94 18.0555
48 95 16.2788
48 96 18.0278
48 97 18.1934
48 98 53.5724
48 99 17.8326
48 100 17.6352
48 101 20.3224
48 102 18.1659
48 103 18.0555
48 104 17.9722
48 105 17.6635
48 106 18.1659
48 107 17.1756
48 108 37.9473
48 109 17.7482
48 110 17.9444
48 111 18.2209
48 112 18.2209
48 113 18.1659
48 114 18.1659
48 115 16.5831
48 116 18.2209
48 117 18.1384
48 118 18.2209
48 119 17.6352
48 120 18.0555
49 50 3.60555
49 51 3.74166
49 52 52.4786
49 53 1
49 54 1.41421
49 55 2.82843
49 56 48.3942
49 57 1
49 58 3.16228
49 59 1
49 60 3.16228
49 61 20.2978
49 62 0
49 63 6.48074
49 64 4.89898
49 65 3
49 66 53.6843
49 67 1
49 68 1
49 69 3.60555
49 70 0
49 71 45.0888
49 72 50.3587
49 73 2
49 74 54.2955
49 75 2.23607
49 76 1
49 77 7.2111
49 78 2.23607
49 79 5.47723
49 80 56.7274
49 81 3.16228
49 82 0
49 83 8.42615
49 84 21.2603
49 85 1
49 86 1.73205
49 87 3.16228
49 88 0
49 89 3.16228
49 90 2.82843
49 91 21.7486
49 92 51.225
49 93 1.41421
49 94 2.44949
49 95 8.18535
49 96 2.64575
49 97 1
49 98 56.3028
49 99 3.74166
49 100 4.58258
49 101 26.2869
49 102 1.41421
49 103 2.44949
49 104 3
49 105 4.47214
49 106 1.41421
49 107 6.08276
49 108 41.4488
49 109 4.12311
49 110 3.16228
49 111 0
49 112 0
49 113 1.41421
49 114 1.41421
49 115 7.54983
49 116 0
49 117 1.73205
49 118 0
49 119 4.58258
49 120 2.44949
50 51 1
50 52 52.3546
50 53 3.74166
50 54 3.31662
50 55 2.23607
50 56 48.2597
50 57 3.74166
50 58 1.73205
50 59 3.74166
50 60 1.73205
50 61 19.975
50 62 3.60555
50 63 5.38516
50 64 3.31662
50 65 2
50 66 53.563
50 67 3.4641
50 68 3.4641
50 69 0
50 70 3.60555
50 71 44.9444
50 72 50.2295
50 73 3
50 74 54.1756
50 75 2.82843
50 76 3.74166
50 77 6.245
50 78 2.82843
50 79 4.12311
50 80 56.6127
50 81 1.73205
50 82 3.60555
50 83 7.61577
50 84 20.9523
50 85 3.4641
50 86 3.16228
50 87 1.73205
50 88 3.60555
50 89 1.73205
50 90 2.23607
50 91 21.4476
50 92 51.0979
50 93 3.31662
50 94 2.64575
50 95 7.34847
50 96 2.44949
50 97 3.4641
50 98 56.1872
50 99 1
50 100 2.82843
50 101 26.0384
50 102 3.31662
50 103 2.64575
50 104 2
50 105 2.64575
50 106 3.31662
50 107 4.89898
50 108 41.2916
50 109 2
50 110 1.73205
50 111 3.60555
50 112 3.60555
50 113 3.31662
50 114 3.31662
50 115 6.63325
50 116 3.60555
50 117 3.16228
50 118 3.60555
50 119 2.82843
50 120 2.64575
51 52 52.345
51 53 3.87298
51 54 3.4641
51 55 2.44949
51 56 48.2494
51 57 3.87298
51 58 2
51 59 3.87298
51 60 2
51 61 19.9499
51 62 3.74166
51 63 5.2915
51 64 3.16228
51 65 2.23607
51 66 53.5537
51 67 3.60555
51 68 3.60555
51 69 1
51 70 3.74166
51 71 44.9333
51 72 50.2195
51 73 3.16228
51 74 54.1664
51 75 3
51 76 3.87298
51 77 6.16441
51 78 3
51 79 4
51 80 56.6039
51 81 2
51 82 3.74166
51 83 7.54983
51 84 20.9284
51 85 3.60555
51 86 3.31662
51 87 2
51 88 3.74166
51 89 2
51 90 2.44949
51 91 21.4243
51 92 51.0882
51 93 3.4641
51 94 2.82843
51 95 7.28011
51 96 2.64575
51 97 3.60555
51 98 56.1783
51 99 0
51 100 2.64575
51 101 26.0192
51 102 3.4641
51 103 2.82843
51 104 2.23607
51 105 2.44949
51 106 3.4641
51 107 4.79583
51 108 41.2795
51 109 1.73205
51 110 2
51 111 3.74166
51 112 3.74166
51 113 3.4641
51 114 3.4641
51 115 6.55744
51 116 3.74166
51 117 3.31662
51 118 3.74166
51 119 2.64575
51 120 2.82843
52 53 52.4881
52 54 52.4595
52 55 52.4023
52 56 20.347
52 57 52.4881
52 58 52.3832
52 59 52.4881
52 60 52.3832
52 61 48.3942
52 62 52.4786
52 63 52.0769
52 64 52.2494
52 65 52.3927
52 66 11.3137
52 67 52.469
52 68 52.469
52 69 52.3546
52 70 52.4786
52 71 26.9629
52 72 14.8324
52 73 52.4404
52 74 13.9284
52 75 52.4309
52 76 52.4881
52 77 51.9808
52 78 52.4309
52 79 52.192
52 80 21.5407
52 81 52.3832
52 82 52.4786
52 83 51.7977
52 84 47.9792
52 85 52.469
52 86 52.45
52 87 52.3832
52 88 52.4786
52 89 52.3832
52 90 52.4023
52 91 47.7598
52 92 11.4891
52 93 52.4595
52 94 52.4214
52 95 51.8363
52 96 52.4118
52 97 52.469
52 98 20.3961
52 99 52.345
52 100 52.2781
52 101 45.4203
52 102 52.4595
52 103 52.4214
52 104 52.3927
52 105 52.2877
52 106 52.4595
52 107 52.1249
52 108 32.187
52 109 52.3163
52 110 52.3832
52 111 52.4786
52 112 52.4786
52 113 52.4595
52 114 52.4595
52 115 51.9326
52 116 52.4786
52 117 52.45
52 118 52.4786
52 119 52.2781
52 120 52.4214
53 54 1.73205
53 55 3
53 56 48.4045
53 57 0
53 58 3.31662
53 59 0
53 60 3.31662
53 61 20.3224
53 62 1
53 63 6.55744
53 64 5
53 65 3.16228
53 66 53.6936
53 67 1.41421
53 68 1.41421
53 69 3.74166
53 70 1
53 71 45.0999
53 72 50.3686
53 73 2.23607
53 74 54.3047
53 75 2.44949
53 76 0
53 77 7.28011
53 78 2.44949
53 79 5.56776
53 80 56.7362
53 81 3.31662
53 82 1
53 83 8.48528
53 84 21.2838
53 85 1.41421
53 86 2
53 87 3.31662
53 88 1
53 89 3.31662
53 90 3
53 91 21.7715
53 92 51.2348
53 93 1.73205
53 94 2.64575
53 95 8.24621
53 96 2.82843
53 97 1.41421
53 98 56.3116
53 99 3.87298
53 100 4.69042
53 101 26.3059
53 102 1.73205
53 103 2.64575
53 104 3.16228
53 105 4.58258
53 106 1.73205
53 107 6.16441
53 108 41.4608
53 109 4.24264
53 110 3.31662
53 111 1
53 112 1
53 113 1.73205
53 114 1.73205
53 115 7.61577
53 116 1
53 117 2
53 118 1
53 119 4.69042
53 120 2.64575
54 55 2.44949
54 56 48.3735
54 57 1.73205
54 58 2.82843
54 59 1.73205
54 60 2.82843
54 61 20.2485
54 62 1.41421
54 63 6.32456
54 64 4.69042
54 65 2.64575
54 66 53.6656
54 67 1
54 68 1
54 69 3.31662
54 70 1.41421
54 71 45.0666
54 72 50.3389
54 73 1.41421
54 74 54.2771
54 75 1.73205
54 76 1.73205
54 77 7.07107
54 78 1.73205
54 79 5.2915
54 80 56.7098
54 81 2.82843
54 82 1.41421
54 83 8.30662
54 84 21.2132
54 85 1
54 86 1
54 87 2.82843
54 88 1.41421
54 89 2.82843
54 90 2.44949
54 91 21.7025
54 92 51.2055
54 93 0
54 94 2
54 95 8.06226
54 96 2.23607
54 97 1
54 98 56.285
54 99 3.4641
54 100 4.3589
54 101 26.2488
54 102 0
54 103 2
54 104 2.64575
54 105 4.24264
54 106 0
54 107 5.91608
54 108 41.4246
54 109 3.87298
54 110 2.82843
54 111 1.41421
54 112 1.41421
54 113 0
54 114 0
54 115 7.4162
54 116 1.41421
54 117 1
54 118 1.41421
54 119 4.3589
54 120 2
55 56 48.3115
55 57 3
55 58 1.41421
55 59 3
55 60 1.41421
55 61 20.0998
55 62 2.82843
55 63 5.83095
55 64 4
55 65 1
55 66 53.6097
55 67 2.64575
55 68 2.64575
55 69 2.23607
55 70 2.82843
55 71 45
55 72 50.2792
55 73 2
55 74 54.2218
55 75 1.73205
55 76 3
55 77 6.63325
55 78 1.73205
55 79 4.69042
55 80 56.6569
55 81 1.41421
55 82 2.82843
55 83 7.93725
55 84 21.0713
55 85 2.64575
55 86 2.23607
55 87 1.41421
55 88 2.82843
55 89 1.41421
55 90 0
55 91 21.5639
55 92 51.1468
55 93 2.44949
55 94 1.41421
55 95 7.68115
55 96 1
55 97 2.64575
55 98 56.2317
55 99 2.44949
55 100 3.60555
55 101 26.1343
55 102 2.44949
55 103 1.41421
55 104 1
55 105 3.4641
55 106 2.44949
55 107 5.38516
55 108 41.3521
55 109 3
55 110 1.41421
55 111 2.82843
55 112 2.82843
55 113 2.44949
55 114 2.44949
55 115 7
55 116 2.82843
55 117 2.23607
55 118 2.82843
55 119 3.60555
55 120 1.41421
56 57 48.4045
56 58 48.2908
56 59 48.4045
56 60 48.2908
56 61 43.9318
56 62 48.3942
56 63 47.9583
56 64 48.1456
56 65 48.3011
56 66 23.2809
56 67 48.3839
56 68 48.3839
56 69 48.2597
56 70 48.3942
56 71 17.6918
56 72 14
56 73 48.3529
56 74 24.6577
56 75 48.3425
56 76 48.4045
56 77 47.8539
56 78 48.3425
56 79 48.0833
56 80 29.6311
56 81 48.2908
56 82 48.3942
56 83 47.655
56 84 43.4741
56 85 48.3839
56 86 48.3632
56 87 48.2908
56 88 48.3942
56 89 48.2908
56 90 48.3115
56 91 43.2319
56 92 16.8523
56 93 48.3735
56 94 48.3322
56 95 47.697
56 96 48.3218
56 97 48.3839
56 98 28.8097
56 99 48.2494
56 100 48.1768
56 101 40.6325
56 102 48.3735
56 103 48.3322
56 104 48.3011
56 105 48.1871
56 106 48.3735
56 107 48.0104
56 108 24.98
56 109 48.2183
56 110 48.2908
56 111 48.3942
56 112 48.3942
56 113 48.3735
56 114 48.3735
56 115 47.8017
56 116 48.3942
56 117 48.3632
56 118 48.3942
56 119 48.1768
56 120 48.3322
57 58 3.31662
57 59 0
57 60 3.31662
57 61 20.3224
57 62 1
57 63 6.55744
57 64 5
57 65 3.16228
57 66 53.6936
57 67 1.41421
57 68 1.41421
57 69 3.74166
57 70 1
57 71 45.0999
57 72 50.3686
57 73 2.23607
57 74 54.3047
57 75 2.44949
57 76 0
57 77 7.28011
57 78 2.44949
57 79 5.56776
57 80 56.7362
57 81 3.31662
57 82 1
57 83 8.48528
57 84 21.2838
57 85 1.41421
57 86 2
57 87 3.31662
57 88 1
57 89 3.31662
57 90 3
57 91 21.7715
57 92 51.2348
57 93 1.73205
57 94 2.64575
57 95 8.24621
57 96 2.82843
57 97 1.41421
57 98 56.3116
57 99 3.87298
57 100 4.69042
57 101 26.3059
57 102 1.73205
57 103 2.64575
57 104 3.16228
57 105 4.58258
57 106 1.73205
57 107 6.16441
57 108 41.4608
57 109 4.24264
57 110 3.31662
57 111 1
57 112 1
57 113 1.73205
57 114 1.73205
57 115 7.61577
57 116 1
57 117 2
57 118 1
57 119 4.69042
57 120 2.64575
58 59 3.31662
58 60 0
58 61 20.0499
58 62 3.16228
58 63 5.65685
58 64 3.74166
58 65 1
58 66 53.591
58 67 3
58 68 3
58 69 1.73205
58 70 3.16228
58 71 44.9778
58 72 50.2593
58 73 2.44949
58 74 54.2033
58 75 2.23607
58 76 3.31662
58 77 6.48074
58 78 2.23607
58 79 4.47214
58 80 56.6392
58 81 0
58 82 3.16228
58 83 7.81025
58 84 21.0238
58 85 3
58 86 2.64575
58 87 0
58 88 3.16228
58 89 0
58 90 1.41421
58 91 21.5174
58 92 51.1273
58 93 2.82843
58 94 2
58 95 7.54983
58 96 1.73205
58 97 3
58 98 56.2139
58 99 2
58 100 3.31662
58 101 26.096
58 102 2.82843
58 103 2
58 104 1
58 105 3.16228
58 106 2.82843
58 107 5.19615
58 108 41.328
58 109 2.64575
58 110 0
58 111 3.16228
58 112 3.16228
58 113 2.82843
58 114 2.82843
58 115 6.85565
58 116 3.16228
58 117 2.64575
58 118 3.16228
58 119 3.31662
58 120 2
59 60 3.31662
59 61 20.3224
59 62 1
59 63 6.55744
59 64 5
59 65 3.16228
59 66 53.6936
59 67 1.41421
59 68 1.41421
59 69 3.74166
59 70 1
59 71 45.0999
59 72 50.3686
59 73 2.23607
59 74 54.3047
59 75 2.44949
59 76 0
59 77 7.28011
59 78 2.44949
59 79 5.56776
59 80 56.7362
59 81 3.31662
59 82 1
59 83 8.48528
59 84 21.2838
59 85 1.41421
59 86 2
59 87 3.31662
59 88 1
59 89 3.31662
59 90 3
59 91 21.7715
59 92 51.2348
59 93 1.73205
59 94 2.64575
59 95 8.24621
59 96 2.82843
59 97 1.41421
59 98 56.3116
59 99 3.87298
59 100 4.69042
59 101 26.3059
59 102 1.73205
59 103 2.64575
59 104 3.16228
59 105 4.58258
59 106 1.73205
59 107 6.16441
59 108 41.4608
59 109 4.24264
59 110 3.31662
59 111 1
59 112 1
59 113 1.73205
59 114 1.73205
59 115 7.61577
59 116 1
59 117 2
59 118 1
59 119 4.69042
59 120 2.64575
60 61 20.0499
60 62 3.16228
60 63 5.65685
60 64 3.74166
60 65 1
60 66 53.591
60 67 3
60 68 3
60 69 1.73205
60 70 3.16228
60 71 44.9778
60 72 50.2593
60 73 2.44949
60 74 54.2033
60 75 2.23607
60 76 3.31662
60 77 6.48074
60 78 2.23607
60 79 4.47214
60 80 56.6392
60 81 0
60 82 3.16228
60 83 7.81025
60 84 21.0238
60 85 3
60 86 2.64575
60 87 0
60 88 3.16228
60 89 0
60 90 1.41421
60 91 21.5174
60 92 51.1273
60 93 2.82843
60 94 2
60 95 7.54983
60 96 1.73205
60 97 3
60 98 56.2139
60 99 2
60 100 3.31662
60 101 26.096
60 102 2.82843
60 103 2
60 104 1
60 105 3.16228
60 106 2.82843
60 107 5.19615
60 108 41.328
60 109 2.64575
60 110 0
60 111 3.16228
60 112 3.16228
60 113 2.82843
60 114 2.82843
60 115 6.85565
60 116 3.16228
60 117 2.64575
60 118 3.16228
60 119 3.31662
60 120 2
61 62 20.2978
61 63 19.2354
61 64 19.6977
61 65 20.0749
61 66 49.6991
61 67 20.2731
61 68 20.2731
61 69 19.975
61 70 20.2978
61 71 40.2616
61 72 46.0869
61 73 20.199
61 74 50.3587
61 75 20.1742
61 76 20.3224
61 77 18.9737
61 78 20.1742
61 79 19.5448
61 80 52.9717
61 81 20.0499
61 82 20.2978
61 83 18.4662
61 84 6.32456
61 85 20.2731
61 86 20.2237
61 87 20.0499
61 88 20.2978
61 89 20.0499
61 90 20.0998
61 91 7.81025
61 92 47.0319
61 93 20.2485
61 94 20.1494
61 95 18.5742
61 96 20.1246
61 97 20.2731
61 98 52.5167
61 99 19.9499
61 100 19.7737
61 101 16.7033
61 102 20.2485
61 103 20.1494
61 104 20.0749
61 105 19.799
61 106 20.2485
61 107 19.3649
61 108 36.1386
61 109 19.8746
61 110 20.0499
61 111 20.2978
61 112 20.2978
61 113 20.2485
61 114 20.2485
61 115 18.8414
61 116 20.2978
61 117 20.2237
61 118 20.2978
61 119 19.7737
61 120 20.1494
62 63 6.48074
62 64 4.89898
62 65 3
62 66 53.6843
62 67 1
62 68 1
62 69 3.60555
62 70 0
62 71 45.0888
62 72 50.3587
62 73 2
62 74 54.2955
62 75 2.23607
62 76 1
62 77 7.2111
62 78 2.23607
62 79 5.47723
62 80 56.7274
62 81 3.16228
62 82 0
62 83 8.42615
62 84 21.2603
62 85 1
62 86 1.73205
62 87 3.16228
62 88 0
62 89 3.16228
62 90 2.82843
62 91 21.7486
62 92 51.225
62 93 1.41421
62 94 2.44949
62 95 8.18535
62 96 2.64575
62 97 1
62 98 56.3028
62 99 3.74166
62 100 4.58258
62 101 26.2869
62 102 1.41421
62 103 2.44949
62 104 3
62 105 4.47214
62 106 1.41421
62 107 6.08276
62 108 41.4488
62 109 4.12311
62 110 3.16228
62 111 0
62 112 0
62 113 1.41421
62 114 1.41421
62 115 7.54983
62 116 0
62 117 1.73205
62 118 0
62 119 4.58258
62 120 2.44949
63 64 4.24264
63 65 5.74456
63 66 53.2917
63 67 6.40312
63 68 6.40312
63 69 5.38516
63 70 6.48074
63 71 44.6206
63 72 49.94
63 73 6.16441
63 74 53.9073
63 75 6.08276
63 76 6.55744
63 77 3.16228
63 78 6.08276
63 79 3.4641
63 80 56.356
63 81 5.65685
63 82 6.48074
63 83 5.38516
63 84 20.2485
63 85 6.40312
63 86 6.245
63 87 5.65685
63 88 6.48074
63 89 5.65685
63 90 5.83095
63 91 20.7605
63 92 50.8134
63 93 6.32456
63 94 6
63 95 5
63 96 5.91608
63 97 6.40312
63 98 55.9285
63 99 5.2915
63 100 4.58258
63 101 25.4755
63 102 6.32456
63 103 6
63 104 5.74456
63 105 4.69042
63 106 6.32456
63 107 2.23607
63 108 40.939
63 109 5
63 110 5.65685
63 111 6.48074
63 112 6.48074
63 113 6.32456
63 114 6.32456
63 115 3.87298
63 116 6.48074
63 117 6.245
63 118 6.48074
63 119 4.58258
63 120 6
64 65 3.87298
64 66 53.4603
64 67 4.79583
64 68 4.79583
64 69 3.31662
64 70 4.89898
64 71 44.8219
64 72 50.1199
64 73 4.47214
64 74 54.074
64 75 4.3589
64 76 5
64 77 5.2915
64 78 4.3589
64 79 2.44949
64 80 56.5155
64 81 3.74166
64 82 4.89898
64 83 6.85565
64 84 20.6882
64 85 4.79583
64 86 4.58258
64 87 3.74166
64 88 4.89898
64 89 3.74166
64 90 4
64 91 21.1896
64 92 50.9902
64 93 4.69042
64 94 4.24264
64 95 6.55744
64 96 4.12311
64 97 4.79583
64 98 56.0892
64 99 3.16228
64 100 1.73205
64 101 25.8263
64 102 4.69042
64 103 4.24264
64 104 3.87298
64 105 2
64 106 4.69042
64 107 3.60555
64 108 41.1582
64 109 2.64575
64 110 3.74166
64 111 4.89898
64 112 4.89898
64 113 4.69042
64 114 4.69042
64 115 5.74456
64 116 4.89898
64 117 4.58258
64 118 4.89898
64 119 1.73205
64 120 4.24264
65 66 53.6004
65 67 2.82843
65 68 2.82843
65 69 2
65 70 3
65 71 44.9889
65 72 50.2693
65 73 2.23607
65 74 54.2125
65 75 2
65 76 3.16228
65 77 6.55744
65 78 2
65 79 4.58258
65 80 56.648
65 81 1
65 82 3
65 83 7.87401
65 84 21.0476
65 85 2.82843
65 86 2.44949
65 87 1
65 88 3
65 89 1
65 90 1
65 91 21.5407
65 92 51.1371
65 93 2.64575
65 94 1.73205
65 95 7.61577
65 96 1.41421
65 97 2.82843
65 98 56.2228
65 99 2.23607
65 100 3.4641
65 101 26.1151
65 102 2.64575
65 103 1.73205
65 104 0
65 105 3.31662
65 106 2.64575
65 107 5.2915
65 108 41.3401
65 109 2.82843
65 110 1
65 111 3
65 112 3
65 113 2.64575
65 114 2.64575
65 115 6.9282
65 116 3
65 117 2.44949
65 118 3
65 119 3.4641
65 120 1.73205
66 67 53.6749
66 68 53.6749
66 69 53.563
66 70 53.6843
66 71 29.2404
66 72 18.6548
66 73 53.647
66 74 8.12404
66 75 53.6377
66 76 53.6936
66 77 53.1977
66 78 53.6377
66 79 53.4041
66 80 18.3303
66 81 53.591
66 82 53.6843
66 83 53.0189
66 84 49.295
66 85 53.6749
66 86 53.6563
66 87 53.591
66 88 53.6843
66 89 53.591
66 90 53.6097
66 91 49.0816
66 92 16.1245
66 93 53.6656
66 94 53.6284
66 95 53.0566
66 96 53.619
66 97 53.6749
66 98 16.9706
66 99 53.5537
66 100 53.4883
66 101 46.8081
66 102 53.6656
66 103 53.6284
66 104 53.6004
66 105 53.4977
66 106 53.6656
66 107 53.3385
66 108 34.1174
66 109 53.5257
66 110 53.591
66 111 53.6843
66 112 53.6843
66 113 53.6656
66 114 53.6656
66 115 53.1507
66 116 53.6843
66 117 53.6563
66 118 53.6843
66 119 53.4883
66 120 53.6284
67 68 0
67 69 3.4641
67 70 1
67 71 45.0777
67 72 50.3488
67 73 1.73205
67 74 54.2863
67 75 2
67 76 1.41421
67 77 7.14143
67 78 2
67 79 5.38516
67 80 56.7186
67 81 3
67 82 1
67 83 8.3666
67 84 21.2368
67 85 0
67 86 1.41421
67 87 3
67 88 1
67 89 3
67 90 2.64575
67 91 21.7256
67 92 51.2152
67 93 1
67 94 2.23607
67 95 8.12404
67 96 2.44949
67 97 0
67 98 56.2939
67 99 3.60555
67 100 4.47214
67 101 26.2679
67 102 1
67 103 2.23607
67 104 2.82843
67 105 4.3589
67 106 1
67 107 6
67 108 41.4367
67 109 4
67 110 3
67 111 1
67 112 1
67 113 1
67 114 1
67 115 7.48331
67 116 1
67 117 1.41421
67 118 1
67 119 4.47214
67 120 2.23607
68 69 3.4641
68 70 1
68 71 45.0777
68 72 50.3488
68 73 1.73205
68 74 54.2863
68 75 2
68 76 1.41421
68 77 7.14143
68 78 2
68 79 5.38516
68 80 56.7186
68 81 3
68 82 1
68 83 8.3666
68 84 21.2368
68 85 0
68 86 1.41421
68 87 3
68 88 1
68 89 3
68 90 2.64575
68 91 21.7256
68 92 51.2152
68 93 1
68 94 2.23607
68 95 8.12404
68 96 2.44949
68 97 0
68 98 56.2939
68 99 3.60555
68 100 4.47214
68 101 26.2679
68 102 1
68 103 2.23607
68 104 2.82843
68 105 4.3589
68 106 1
68 107 6
68 108 41.4367
68 109 4
68 110 3
68 111 1
68 112 1
68 113 1
68 114 1
68 115 7.48331
68 116 1
68 117 1.41421
68 118 1
68 119 4.47214
68 120 2.23607
69 70 3.60555
69 71 44.9444
69 72 50.2295
69 73 3
69 74 54.1756
69 75 2.82843
69 76 3.74166
69 77 6.245
69 78 2.82843
69 79 4.12311
69 80 56.6127
69 81 1.73205
69 82 3.60555
69 83 7.61577
69 84 20.9523
69 85 3.4641
69 86 3.16228
69 87 1.73205
69 88 3.60555
69 89 1.73205
69 90 2.23607
69 91 21.4476
69 92 51.0979
69 93 3.31662
69 94 2.64575
69 95 7.34847
69 96 2.44949
69 97 3.4641
69 98 56.1872
69 99 1
69 100 2.82843
69 101 26.0384
69 102 3.31662
69 103 2.64575
69 104 2
69 105 2.64575
69 106 3.31662
69 107 4.89898
69 108 41.2916
69 109 2
69 110 1.73205
69 111 3.60555
69 112 3.60555
69 113 3.31662
69 114 3.31662
69 115 6.63325
69 116 3.60555
69 117 3.16228
69 118 3.60555
69 119 2.82843
69 120 2.64575
70 71 45.0888
70 72 50.3587
70 73 2
70 74 54.2955
70 75 2.23607
70 76 1
70 77 7.2111
70 78 2.23607
70 79 5.47723
70 80 56.7274
70 81 3.16228
70 82 0
70 83 8.42615
70 84 21.2603
70 85 1
70 86 1.73205
70 87 3.16228
70 88 0
70 89 3.16228
70 90 2.82843
70 91 21.7486
70 92 51.225
70 93 1.41421
70 94 2.44949
70 95 8.18535
70 96 2.64575
70 97 1
70 98 56.3028
70 99 3.74166
70 100 4.58258
70 101 26.2869
70 102 1.41421
70 103 2.44949
70 104 3
70 105 4.47214
70 106 1.41421
70 107 6.08276
70 108 41.4488
70 109 4.12311
70 110 3.16228
70 111 0
70 112 0
70 113 1.41421
70 114 1.41421
70 115 7.54983
70 116 0
70 117 1.73205
70 118 0
70 119 4.58258
70 120 2.44949
71 72 22.561
71 73 45.0444
71 74 30.348
71 75 45.0333
71 76 45.0999
71 77 44.5084
71 78 45.0333
71 79 44.7549
71 80 34.5109
71 81 44.9778
71 82 45.0888
71 83 44.2945
71 84 39.7618
71 85 45.0777
71 86 45.0555
71 87 44.9778
71 88 45.0888
71 89 44.9778
71 90 45
71 91 39.4968
71 92 24.3926
71 93 45.0666
71 94 45.0222
71 95 44.3396
71 96 45.0111
71 97 45.0777
71 98 33.7787
71 99 44.9333
71 100 44.8553
71 101 36.6333
71 102 45.0666
71 103 45.0222
71 104 44.9889
71 105 44.8665
71 106 45.0666
71 107 44.6766
71 108 17.7482
71 109 44.8999
71 110 44.9778
71 111 45.0888
71 112 45.0888
71 113 45.0666
71 114 45.0666
71 115 44.4522
71 116 45.0888
71 117 45.0555
71 118 45.0888
71 119 44.8553
71 120 45.0222
72 73 50.319
72 74 20.347
72 75 50.309
72 76 50.3686
72 77 49.8397
72 78 50.309
72 79 50.06
72 80 26.1534
72 81 50.2593
72 82 50.3587
72 83 49.6488
72 84 45.6508
72 85 50.3488
72 86 50.3289
72 87 50.2593
72 88 50.3587
72 89 50.2593
72 90 50.2792
72 91 45.4203
72 92 9.48683
72 93 50.3389
72 94 50.2991
72 95 49.689
72 96 50.2892
72 97 50.3488
72 98 25.219
72 99 50.2195
72 100 50.1498
72 101 42.9535
72 102 50.3389
72 103 50.2991
72 104 50.2693
72 105 50.1597
72 106 50.3389
72 107 49.99
72 108 28.6007
72 109 50.1896
72 110 50.2593
72 111 50.3587
72 112 50.3587
72 113 50.3389
72 114 50.3389
72 115 49.7896
72 116 50.3587
72 117 50.3289
72 118 50.3587
72 119 50.1498
72 120 50.2991
73 74 54.2586
73 75 1
73 76 2.23607
73 77 6.9282
73 78 1
73 79 5.09902
73 80 56.6922
73 81 2.44949
73 82 2
73 83 8.18535
73 84 21.166
73 85 1.73205
73 86 1
73 87 2.44949
73 88 2
73 89 2.44949
73 90 2
73 91 21.6564
73 92 51.1859
73 93 1.41421
73 94 1.41421
73 95 7.93725
73 96 1.73205
73 97 1.73205
73 98 56.2672
73 99 3.16228
73 100 4.12311
73 101 26.2107
73 102 1.41421
73 103 1.41421
73 104 2.23607
73 105 4
73 106 1.41421
73 107 5.74456
73 108 41.4005
73 109 3.60555
73 110 2.44949
73 111 2
73 112 2
73 113 1.41421
73 114 1.41421
73 115 7.28011
73 116 2
73 117 1
73 118 2
73 119 4.12311
73 120 1.41421
74 75 54.2494
74 76 54.3047
74 77 53.8145
74 78 54.2494
74 79 54.0185
74 80 16.4317
74 81 54.2033
74 82 54.2955
74 83 53.6377
74 84 49.96
74 85 54.2863
74 86 54.2679
74 87 54.2033
74 88 54.2955
74 89 54.2033
74 90 54.2218
74 91 49.7494
74 92 18.0555
74 93 54.2771
74 94 54.2402
74 95 53.6749
74 96 54.231
74 97 54.2863
74 98 14.8997
74 99 54.1664
74 100 54.1018
74 101 47.5079
74 102 54.2771
74 103 54.2402
74 104 54.2125
74 105 54.111
74 106 54.2771
74 107 53.9537
74 108 35.0714
74 109 54.1387
74 110 54.2033
74 111 54.2955
74 112 54.2955
74 113 54.2771
74 114 54.2771
74 115 53.768
74 116 54.2955
74 117 54.2679
74 118 54.2955
74 119 54.1018
74 120 54.2402
75 76 2.44949
75 77 6.85565
75 78 0
75 79 5
75 80 56.6833
75 81 2.23607
75 82 2.23607
75 83 8.12404
75 84 21.1424
75 85 2
75 86 1.41421
75 87 2.23607
75 88 2.23607
75 89 2.23607
75 90 1.73205
75 91 21.6333
75 92 51.1762
75 93 1.73205
75 94 1
75 95 7.87401
75 96 1.41421
75 97 2
75 98 56.2583
75 99 3
75 100 4
75 101 26.1916
75 102 1.73205
75 103 1
75 104 2
75 105 3.87298
75 106 1.73205
75 107 5.65685
75 108 41.3884
75 109 3.4641
75 110 2.23607
75 111 2.23607
75 112 2.23607
75 113 1.73205
75 114 1.73205
75 115 7.2111
75 116 2.23607
75 117 1.41421
75 118 2.23607
75 119 4
75 120 1
76 77 7.28011
76 78 2.44949
76 79 5.56776
76 80 56.7362
76 81 3.31662
76 82 1
76 83 8.48528
76 84 21.2838
76 85 1.41421
76 86 2
76 87 3.31662
76 88 1
76 89 3.31662
76 90 3
76 91 21.7715
76 92 51.2348
76 93 1.73205
76 94 2.64575
76 95 8.24621
76 96 2.82843
76 97 1.41421
76 98 56.3116
76 99 3.87298
76 100 4.69042
76 101 26.3059
76 102 1.73205
76 103 2.64575
76 104 3.16228
76 105 4.58258
76 106 1.73205
76 107 6.16441
76 108 41.4608
76 109 4.24264
76 110 3.31662
76 111 1
76 112 1
76 113 1.73205
76 114 1.73205
76 115 7.61577
76 116 1
76 117 2
76 118 1
76 119 4.69042
76 120 2.64575
77 78 6.85565
77 79 4.69042
77 80 56.2672
77 81 6.48074
77 82 7.2111
77 83 4.3589
77 84 20
77 85 7.14143
77 86 7
77 87 6.48074
77 88 7.2111
77 89 6.48074
77 90 6.63325
77 91 20.5183
77 92 50.7149
77 93 7.07107
77 94 6.78233
77 95 3.87298
77 96 6.7082
77 97 7.14143
77 98 55.8391
77 99 6.16441
77 100 5.56776
77 101 25.2784
77 102 7.07107
77 103 6.78233
77 104 6.55744
77 105 5.65685
77 106 7.07107
77 107 3.87298
77 108 40.8167
77 109 5.91608
77 110 6.48074
77 111 7.2111
77 112 7.2111
77 113 7.07107
77 114 7.07107
77 115 2.23607
77 116 7.2111
77 117 7
77 118 7.2111
77 119 5.56776
77 120 6.78233
78 79 5
78 80 56.6833
78 81 2.23607
78 82 2.23607
78 83 8.12404
78 84 21.1424
78 85 2
78 86 1.41421
78 87 2.23607
78 88 2.23607
78 89 2.23607
78 90 1.73205
78 91 21.6333
78 92 51.1762
78 93 1.73205
78 94 1
78 95 7.87401
78 96 1.41421
78 97 2
78 98 56.2583
78 99 3
78 100 4
78 101 26.1916
78 102 1.73205
78 103 1
78 104 2
78 105 3.87298
78 106 1.73205
78 107 5.65685
78 108 41.3884
78 109 3.4641
78 110 2.23607
78 111 2.23607
78 112 2.23607
78 113 1.73205
78 114 1.73205
78 115 7.2111
78 116 2.23607
78 117 1.41421
78 118 2.23607
78 119 4
78 120 1
79 80 56.4624
79 81 4.47214
79 82 5.47723
79 83 6.40312
79 84 20.5426
79 85 5.38516
79 86 5.19615
79 87 4.47214
79 88 5.47723
79 89 4.47214
79 90 4.69042
79 91 21.0476
79 92 50.9313
79 93 5.2915
79 94 4.89898
79 95 6.08276
79 96 4.79583
79 97 5.38516
79 98 56.0357
79 99 4
79 100 3
79 101 25.7099
79 102 5.2915
79 103 4.89898
79 104 4.58258
79 105 3.16228
79 106 5.2915
79 107 2.64575
79 108 41.0853
79 109 3.60555
79 110 4.47214
79 111 5.47723
79 112 5.47723
79 113 5.2915
79 114 5.2915
79 115 5.19615
79 116 5.47723
79 117 5.19615
79 118 5.47723
79 119 3
79 120 4.89898
80 81 56.6392
80 82 56.7274
80 83 56.0981
80 84 52.5928
80 85 56.7186
80 86 56.701
80 87 56.6392
80 88 56.7274
80 89 56.6392
80 90 56.6569
80 91 52.3927
80 92 24.4131
80 93 56.7098
80 94 56.6745
80 95 56.1338
80 96 56.6657
80 97 56.7186
80 98 7.07107
80 99 56.6039
80 100 56.542
80 101 50.2693
80 102 56.7098
80 103 56.6745
80 104 56.648
80 105 56.5509
80 106 56.7098
80 107 56.4004
80 108 38.7298
80 109 56.5774
80 110 56.6392
80 111 56.7274
80 112 56.7274
80 113 56.7098
80 114 56.7098
80 115 56.2228
80 116 56.7274
80 117 56.701
80 118 56.7274
80 119 56.542
80 120 56.6745
81 82 3.16228
81 83 7.81025
81 84 21.0238
81 85 3
81 86 2.64575
81 87 0
81 88 3.16228
81 89 0
81 90 1.41421
81 91 21.5174
81 92 51.1273
81 93 2.82843
81 94 2
81 95 7.54983
81 96 1.73205
81 97 3
81 98 56.2139
81 99 2
81 100 3.31662
81 101 26.096
81 102 2.82843
81 103 2
81 104 1
81 105 3.16228
81 106 2.82843
81 107 5.19615
81 108 41.328
81 109 2.64575
81 110 0
81 111 3.16228
81 112 3.16228
81 113 2.82843
81 114 2.82843
81 115 6.85565
81 116 3.16228
81 117 2.64575
81 118 3.16228
81 119 3.31662
81 120 2
82 83 8.42615
82 84 21.2603
82 85 1
82 86 1.73205
82 87 3.16228
82 88 0
82 89 3.16228
82 90 2.82843
82 91 21.7486
82 92 51.225
82 93 1.41421
82 94 2.44949
82 95 8.18535
82 96 2.64575
82 97 1
82 98 56.3028
82 99 3.74166
82 100 4.58258
82 101 26.2869
82 102 1.41421
82 103 2.44949
82 104 3
82 105 4.47214
82 106 1.41421
82 107 6.08276
82 108 41.4488
82 109 4.12311
82 110 3.16228
82 111 0
82 112 0
82 113 1.41421
82 114 1.41421
82 115 7.54983
82 116 0
82 117 1.73205
82 118 0
82 119 4.58258
82 120 2.44949
83 84 19.5192
83 85 8.3666
83 86 8.24621
83 87 7.81025
83 88 8.42615
83 89 7.81025
83 90 7.93725
83 91 20.0499
83 92 50.5272
83 93 8.30662
83 94 8.06226
83 95 2
83 96 8
83 97 8.3666
83 98 55.6687
83 99 7.54983
83 100 7.07107
83 101 24.8998
83 102 8.30662
83 103 8.06226
83 104 7.87401
83 105 7.14143
83 106 8.30662
83 107 5.83095
83 108 40.5832
83 109 7.34847
83 110 7.81025
83 111 8.42615
83 112 8.42615
83 113 8.30662
83 114 8.30662
83 115 3.74166
83 116 8.42615
83 117 8.24621
83 118 8.42615
83 119 7.07107
83 120 8.06226
84 85 21.2368
84 86 21.1896
84 87 21.0238
84 88 21.2603
84 89 21.0238
84 90 21.0713
84 91 4.58258
84 92 46.6047
84 93 21.2132
84 94 21.1187
84 95 19.6214
84 96 21.095
84 97 21.2368
84 98 52.1344
84 99 20.9284
84 100 20.7605
84 101 15.4596
84 102 21.2132
84 103 21.1187
84 104 21.0476
84 105 20.7846
84 106 21.2132
84 107 20.3715
84 108 35.5809
84 109 20.8567
84 110 21.0238
84 111 21.2603
84 112 21.2603
84 113 21.2132
84 114 21.2132
84 115 19.8746
84 116 21.2603
84 117 21.1896
84 118 21.2603
84 119 20.7605
84 120 21.1187
85 86 1.41421
85 87 3
85 88 1
85 89 3
85 90 2.64575
85 91 21.7256
85 92 51.2152
85 93 1
85 94 2.23607
85 95 8.12404
85 96 2.44949
85 97 0
85 98 56.2939
85 99 3.60555
85 100 4.47214
85 101 26.2679
85 102 1
85 103 2.23607
85 104 2.82843
85 105 4.3589
85 106 1
85 107 6
85 108 41.4367
85 109 4
85 110 3
85 111 1
85 112 1
85 113 1
85 114 1
85 115 7.48331
85 116 1
85 117 1.41421
85 118 1
85 119 4.47214
85 120 2.23607
86 87 2.64575
86 88 1.73205
86 89 2.64575
86 90 2.23607
86 91 21.6795
86 92 51.1957
86 93 1
86 94 1.73205
86 95 8
86 96 2
86 97 1.41421
86 98 56.2761
86 99 3.31662
86 100 4.24264
86 101 26.2298
86 102 1
86 103 1.73205
86 104 2.44949
86 105 4.12311
86 106 1
86 107 5.83095
86 108 41.4126
86 109 3.74166
86 110 2.64575
86 111 1.73205
86 112 1.73205
86 113 1
86 114 1
86 115 7.34847
86 116 1.73205
86 117 0
86 118 1.73205
86 119 4.24264
86 120 1.73205
87 88 3.16228
87 89 0
87 90 1.41421
87 91 21.5174
87 92 51.1273
87 93 2.82843
87 94 2
87 95 7.54983
87 96 1.73205
87 97 3
87 98 56.2139
87 99 2
87 100 3.31662
87 101 26.096
87 102 2.82843
87 103 2
87 104 1
87 105 3.16228
87 106 2.82843
87 107 5.19615
87 108 41.328
87 109 2.64575
87 110 0
87 111 3.16228
87 112 3.16228
87 113 2.82843
87 114 2.82843
87 115 6.85565
87 116 3.16228
87 117 2.64575
87 118 3.16228
87 119 3.31662
87 120 2
88 89 3.16228
88 90 2.82843
88 91 21.7486
88 92 51.225
88 93 1.41421
88 94 2.44949
88 95 8.18535
88 96 2.64575
88 97 1
88 98 56.3028
88 99 3.74166
88 100 4.58258
88 101 26.2869
88 102 1.41421
88 103 2.44949
88 104 3
88 105 4.47214
88 106 1.41421
88 107 6.08276
88 108 41.4488
88 109 4.12311
88 110 3.16228
88 111 0
88 112 0
88 113 1.41421
88 114 1.41421
88 115 7.54983
88 116 0
88 117 1.73205
88 118 0
88 119 4.58258
88 120 2.44949
89 90 1.41421
89 91 21.5174
89 92 51.1273
89 93 2.82843
89 94 2
89 95 7.54983
89 96 1.73205
89 97 3
89 98 56.2139
89 99 2
89 100 3.31662
89 101 26.096
89 102 2.82843
89 103 2
89 104 1
89 105 3.16228
89 106 2.82843
89 107 5.19615
89 108 41.328
89 109 2.64575
89 110 0
89 111 3.16228
89 112 3.16228
89 113 2.82843
89 114 2.82843
89 115 6.85565
89 116 3.16228
89 117 2.64575
89 118 3.16228
89 119 3.31662
89 120 2
90 91 21.5639
90 92 51.1468
90 93 2.44949
90 94 1.41421
90 95 7.68115
90 96 1
90 97 2.64575
90 98 56.2317
90 99 2.44949
90 100 3.60555
90 101 26.1343
90 102 2.44949
90 103 1.41421
90 104 1
90 105 3.4641
90 106 2.44949
90 107 5.38516
90 108 41.3521
90 109 3
90 110 1.41421
90 111 2.82843
90 112 2.82843
90 113 2.44949
90 114 2.44949
90 115 7
90 116 2.82843
90 117 2.23607
90 118 2.82843
90 119 3.60555
90 120 1.41421
91 92 46.3789
91 93 21.7025
91 94 21.6102
91 95 20.1494
91 96 21.587
91 97 21.7256
91 98 51.9326
91 99 21.4243
91 100 21.2603
91 101 14.7648
91 102 21.7025
91 103 21.6102
91 104 21.5407
91 105 21.2838
91 106 21.7025
91 107 20.8806
91 108 35.2846
91 109 21.3542
91 110 21.5174
91 111 21.7486
91 112 21.7486
91 113 21.7025
91 114 21.7025
91 115 20.3961
91 116 21.7486
91 117 21.6795
91 118 21.7486
91 119 21.2603
91 120 21.6102
92 93 51.2055
92 94 51.1664
92 95 50.5668
92 96 51.1566
92 97 51.2152
92 98 23.3666
92 99 51.0882
92 100 51.0196
92 101 43.9659
92 102 51.2055
92 103 51.1664
92 104 51.1371
92 105 51.0294
92 106 51.2055
92 107 50.8626
92 108 30.0998
92 109 51.0588
92 110 51.1273
92 111 51.225
92 112 51.225
92 113 51.2055
92 114 51.2055
92 115 50.6656
92 116 51.225
92 117 51.1957
92 118 51.225
92 119 51.0196
92 120 51.1664
93 94 2
93 95 8.06226
93 96 2.23607
93 97 1
93 98 56.285
93 99 3.4641
93 100 4.3589
93 101 26.2488
93 102 0
93 103 2
93 104 2.64575
93 105 4.24264
93 106 0
93 107 5.91608
93 108 41.4246
93 109 3.87298
93 110 2.82843
93 111 1.41421
93 112 1.41421
93 113 0
93 114 0
93 115 7.4162
93 116 1.41421
93 117 1
93 118 1.41421
93 119 4.3589
93 120 2
94 95 7.81025
94 96 1
94 97 2.23607
94 98 56.2494
94 99 2.82843
94 100 3.87298
94 101 26.1725
94 102 2
94 103 0
94 104 1.73205
94 105 3.74166
94 106 2
94 107 5.56776
94 108 41.3763
94 109 3.31662
94 110 2
94 111 2.44949
94 112 2.44949
94 113 2
94 114 2
94 115 7.14143
94 116 2.44949
94 117 1.73205
94 118 2.44949
94 119 3.87298
94 120 0
95 96 7.74597
95 97 8.12404
95 98 55.7046
95 99 7.28011
95 100 6.78233
95 101 24.98
95 102 8.06226
95 103 7.81025
95 104 7.61577
95 105 6.85565
95 106 8.06226
95 107 5.47723
95 108 40.6325
95 109 7.07107
95 110 7.54983
95 111 8.18535
95 112 8.18535
95 113 8.06226
95 114 8.06226
95 115 3.16228
95 116 8.18535
95 117 8
95 118 8.18535
95 119 6.78233
95 120 7.81025
96 97 2.44949
96 98 56.2406
96 99 2.64575
96 100 3.74166
96 101 26.1534
96 102 2.23607
96 103 1
96 104 1.41421
96 105 3.60555
96 106 2.23607
96 107 5.47723
96 108 41.3642
96 109 3.16228
96 110 1.73205
96 111 2.64575
96 112 2.64575
96 113 2.23607
96 114 2.23607
96 115 7.07107
96 116 2.64575
96 117 2
96 118 2.64575
96 119 3.74166
96 120 1
97 98 56.2939
97 99 3.60555
97 100 4.47214
97 101 26.2679
97 102 1
97 103 2.23607
97 104 2.82843
97 105 4.3589
97 106 1
97 107 6
97 108 41.4367
97 109 4
97 110 3
97 111 1
97 112 1
97 113 1
97 114 1
97 115 7.48331
97 116 1
97 117 1.41421
97 118 1
97 119 4.47214
97 120 2.23607
98 99 56.1783
98 100 56.116
98 101 49.7896
98 102 56.285
98 103 56.2494
98 104 56.2228
98 105 56.1249
98 106 56.285
98 107 55.9732
98 108 38.1051
98 109 56.1516
98 110 56.2139
98 111 56.3028
98 112 56.3028
98 113 56.285
98 114 56.285
98 115 55.7943
98 116 56.3028
98 117 56.2761
98 118 56.3028
98 119 56.116
98 120 56.2494
99 100 2.64575
99 101 26.0192
99 102 3.4641
99 103 2.82843
99 104 2.23607
99 105 2.44949
99 106 3.4641
99 107 4.79583
99 108 41.2795
99 109 1.73205
99 110 2
99 111 3.74166
99 112 3.74166
99 113 3.4641
99 114 3.4641
99 115 6.55744
99 116 3.74166
99 117 3.31662
99 118 3.74166
99 119 2.64575
99 120 2.82843
100 101 25.8844
100 102 4.3589
100 103 3.87298
100 104 3.4641
100 105 1
100 106 4.3589
100 107 4
100 108 41.1947
100 109 2
100 110 3.31662
100 111 4.58258
100 112 4.58258
100 113 4.3589
100 114 4.3589
100 115 6
100 116 4.58258
100 117 4.24264
100 118 4.58258
100 119 0
100 120 3.87298
101 102 26.2488
101 103 26.1725
101 104 26.1151
101 105 25.9037
101 106 26.2488
101 107 25.5734
101 108 32.0468
101 109 25.9615
101 110 26.096
101 111 26.2869
101 112 26.2869
101 113 26.2488
101 114 26.2488
101 115 25.1794
101 116 26.2869
101 117 26.2298
101 118 26.2869
101 119 25.8844
101 120 26.1725
102 103 2
102 104 2.64575
102 105 4.24264
102 106 0
102 107 5.91608
102 108 41.4246
102 109 3.87298
102 110 2.82843
102 111 1.41421
102 112 1.41421
102 113 0
102 114 0
102 115 7.4162
102 116 1.41421
102 117 1
102 118 1.41421
102 119 4.3589
102 120 2
103 104 1.73205
103 105 3.74166
103 106 2
103 107 5.56776
103 108 41.3763
103 109 3.31662
103 110 2
103 111 2.44949
103 112 2.44949
103 113 2
103 114 2
103 115 7.14143
103 116 2.44949
103 117 1.73205
103 118 2.44949
103 119 3.87298
103 120 0
104 105 3.31662
104 106 2.64575
104 107 5.2915
104 108 41.3401
104 109 2.82843
104 110 1
104 111 3
104 112 3
104 113 2.64575
104 114 2.64575
104 115 6.9282
104 116 3
104 117 2.44949
104 118 3
104 119 3.4641
104 120 1.73205
105 106 4.24264
105 107 4.12311
105 108 41.2068
105 109 1.73205
105 110 3.16228
105 111 4.47214
105 112 4.47214
105 113 4.24264
105 114 4.24264
105 115 6.08276
105 116 4.47214
105 117 4.12311
105 118 4.47214
105 119 1
105 120 3.74166
106 107 5.91608
106 108 41.4246
106 109 3.87298
106 110 2.82843
106 111 1.41421
106 112 1.41421
106 113 0
106 114 0
106 115 7.4162
106 116 1.41421
106 117 1
106 118 1.41421
106 119 4.3589
106 120 2
107 108 41
107 109 4.47214
107 110 5.19615
107 111 6.08276
107 112 6.08276
107 113 5.91608
107 114 5.91608
107 115 4.47214
107 116 6.08276
107 117 5.83095
107 118 6.08276
107 119 4
107 120 5.56776
108 109 41.2432
108 110 41.328
108 111 41.4488
108 112 41.4488
108 113 41.4246
108 114 41.4246
108 115 40.7554
108 116 41.4488
108 117 41.4126
108 118 41.4488
108 119 41.1947
108 120 41.3763
109 110 2.64575
109 111 4.12311
109 112 4.12311
109 113 3.87298
109 114 3.87298
109 115 6.32456
109 116 4.12311
109 117 3.74166
109 118 4.12311
109 119 2
109 120 3.31662
110 111 3.16228
110 112 3.16228
110 113 2.82843
110 114 2.82843
110 115 6.85565
110 116 3.16228
110 117 2.64575
110 118 3.16228
110 119 3.31662
110 120 2
111 112 0
111 113 1.41421
111 114 1.41421
111 115 7.54983
111 116 0
111 117 1.73205
111 118 0
111 119 4.58258
111 120 2.44949
112 113 1.41421
112 114 1.41421
112 115 7.54983
112 116 0
112 117 1.73205
112 118 0
112 119 4.58258
112 120 2.44949
113 114 0
113 115 7.4162
113 116 1.41421
113 117 1
113 118 1.41421
113 119 4.3589
113 120 2
114 115 7.4162
114 116 1.41421
114 117 1
114 118 1.41421
114 119 4.3589
114 120 2
115 116 7.54983
115 117 7.34847
115 118 7.54983
115 119 6
115 120 7.14143
116 117 1.73205
116 118 0
116 119 4.58258
116 120 2.44949
117 118 1.73205
117 119 4.24264
117 120 1.73205
118 119 4.58258
118 120 2.44949
119 120 3.87298
